883 1180 342531.3668 17113061.0277 742.0816 217 23.398917 868 12
282 944 926313.2851 24750509.7566 5642.9360 219 10.972958 118 117
775 385 439906.2714 5655189.6529 490.3406 132 6.277014 325 88
47772 34623 1194424.1011 32296218232.7571 77453.6795 8980 1116.986837 14503 1289
31508 9250 1167091.9204 7653300161.3109 32881.9338 4021 329.911268 5615 416
319904 175579 1278845.3403 5645278916262.8857 3505596.5779 48290 2761.666892 17282 7660
361 383 152446.0696 1865678.0211 239.5757 93 13.440693 115 57
95 105 118677.4231 102808.2089 97.0365 24 7.882442 9 0
93 102 121351.4589 108347.4529 99.9831 25 5.311522 76 0
89 104 11593.3500 117396.3402 99.8188 26 7.293710 83 1
631 1164 414911.0109 12111642.6408 412.2735 167 6.978957 196 70
70 101 10182.9505 113130.8993 9.4893 20 5.438039 7 0
96 108 11316.6488 104867.8707 8.5764 21 4.724770 7 0
85 106 114314.2066 103676.9936 48.9496 22 7.611117 68 0
76 102 10177.7070 108102.6482 82.6948 23 9.166216 9 1
3459 2566 702163.4426 110106151.6981 5086.3916 699 64.359290 1168 85
98 117 102076.4037 130895.0785 69.2683 28 5.417541 65 0
99 115 196622.2275 1096708.4963 91.8558 29 5.126902 9 12
983 519 972097.6227 53343226.5684 952.2090 221 24.917044 123 7
300 816 957317.2665 64075737.6721 22397.5605 281 7.006409 10 1
9 1 0.5121 1.4257 9.9094 8 6.000000 9 0
300 1741 576841.7057 29911371.4540 928.4067 283 6.471920 39 168
391 211 818398.3665 11690404.2593 777.0116 120 2.392128 6 1
654 1791 913689.9275 42440683.9922 883.7215 260 12.200077 410 398
92 138 116321.2492 1713839.9272 50.9069 59 3.772958 51 27
217 212 182010.4210 1395518.4467 72.8571 58 9.043355 41 42
246 123 329903.4116 2456592.4541 164.2248 55 8.365402 84 0
362 120 360146.7047 1293970.4380 229.1328 54 8.921983 143 16
94 145 119886.6754 1540037.6248 73.1231 57 7.878237 50 21
346 135 167068.9475 1141852.6205 298.2404 56 3.190917 88 14
69 126 120109.6570 1026071.4315 96.1736 51 9.200338 9 16
195 104 363001.0225 1085884.1691 151.2786 50 8.216057 88 1
100 389 301179.9102 1449317.6309 78.6772 52 1.896558 34 60
78 10 1085.3375 101991.8287 56.8297 19 8.541194 9 0
1607 1537 802328.6700 30268732.4010 1199.7895 294 18.560046 804 56
1249 1025 1197392.3492 161305740.2755 2505.9133 418 8.049533 345 47
1629 1758 1105287.4288 73996414.5396 1278.5275 377 23.076200 716 24
1405 826 445195.9601 22813594.6526 1143.2839 314 26.490963 607 135
373 407 575831.3557 4354551.8983 235.9260 115 8.629961 141 5
435 366 670545.4656 12052396.4085 300.5487 114 20.497671 17 1
607 543 930705.8443 28914412.3844 486.6024 117 54.606314 20 5
659 252 137989.4435 2981006.0872 546.0995 116 26.276916 148 43
220 673 201809.0891 2627851.0587 184.1047 110 4.204899 103 88
507 418 551086.4241 6507248.3200 354.7442 113 7.784431 112 42
2093 2875 805287.6942 73016462.7686 1368.8049 394 33.827963 610 80
793 260 41466.2337 594484.1029 513.4727 82 9.861834 376 60
640 151 126714.9696 1197304.4156 487.2779 83 26.962323 64 13
275 249 381692.4913 2670808.1201 192.7061 80 6.344756 54 13
261 427 49532.3318 754215.7547 348.1869 81 5.414259 176 46
1037 515 886398.7778 33839923.9074 778.3996 175 4.900858 621 10
430 384 208240.3217 2129820.3349 278.3679 84 5.770055 194 25
367 557 214187.8519 1360544.2692 216.9590 85 8.426409 191 128
4652 3151 796656.1712 153632726.9681 4047.9709 794 43.484693 1857 285
13736 7857 1113075.6929 2094130617.1160 12926.3612 1850 31.362596 4982 1705
97 107 10885.8715 103417.0666 81.2443 27 6.263547 9 0
3 1 0.0000 0.0000 1.8056 3 2.718182 3 0
2592 999 783496.4579 206151951.2994 3454.7952 520 8.441603 1381 55
9 10 10018.5889 10084.9597 9.9139 7 3.433602 9 0
2213 1447 690262.1713 67309060.8605 1454.4529 369 61.619526 832 128
6061 9796 993401.1503 695118152.4847 4472.0565 1391 160.924390 1575 877
3349 2709 1094172.2300 147212142.9721 4597.7689 587 30.917386 1567 145
982 1780 1180608.3548 37431941.8070 571.3573 245 22.547659 532 199
327 534 165403.1370 12788215.0888 207.2045 109 2.847621 176 174
236 470 676891.5685 6944290.7616 183.8042 102 4.104744 138 45
388 435 173437.9733 2542130.8622 236.4771 101 6.728620 66 44
240 887 593887.2548 6065320.2962 268.0362 106 3.699025 62 92
82 184 103499.7139 1098283.4380 70.6127 39 2.627161 58 0
82 110 105197.1726 1109039.0985 97.7703 38 5.630557 89 0
92 132 113819.9620 149150.9754 72.7534 33 6.692585 6 0
73 117 108003.4580 115701.8350 72.1955 32 8.052290 97 16
84 101 100856.2310 113623.3655 96.7073 31 5.621204 5 0
86 112 103936.1334 124423.1719 94.6689 30 8.460336 9 0
90 101 119939.4079 1253619.6624 94.7149 37 8.478558 9 0
96 124 110376.7488 1904248.2599 97.2444 36 9.120520 91 0
99 179 12584.0755 1194921.1408 80.2116 35 2.945138 8 149
96 106 10137.6963 172443.8433 63.0320 34 7.663717 9 1
485 958 744309.2834 8434070.6547 260.2772 162 10.642782 171 32
295 387 525806.0480 3269222.9694 146.4115 71 11.345285 16 10
2484 2075 664300.6179 97242197.1712 1347.8426 335 30.400110 124 69
1906 2262 816887.2104 48052453.2722 1474.5949 337 7.295963 292 192
83 250 105575.8726 1138230.1722 216.9740 60 4.318317 94 10
252 200 250379.0247 1019180.2064 54.0405 61 8.962414 79 28
240 194 157598.4367 1211399.3572 140.9634 62 5.022390 22 0
939 143 820491.2704 1916613.0934 812.3185 64 167.698718 488 6
257 210 119674.8727 3514491.0303 75.4189 65 1.922266 81 122
219 175 127762.4006 1050927.4804 98.0644 66 5.521566 91 38
206 297 193709.6422 1082255.9372 135.2544 67 12.074008 59 69
165 244 357088.2861 1880840.7158 117.7681 68 5.664109 74 14
228 293 281865.3785 1627191.5646 158.2630 69 0.778230 48 0
54093 16494 1162702.2780 22235438696.1130 70273.9174 7911 570.315120 15448 2301
764 1048 666978.8346 14467724.7218 482.0618 170 20.359139 289 160
12407 11219 1115302.8527 1382219235.9685 11752.5113 2056 73.295600 2779 1090
14052 5078 1124447.2194 2000447808.6057 17483.9244 1506 133.142069 783 281
865 489 560613.4117 14478235.8199 935.2515 187 8.251512 378 164
9 1 10087.2935 10037.7981 9.2778 6 4.279762 9 0
6 1 10.5747 1002.2420 3.6667 4 3.003693 6 0
2413 1483 1091128.0141 311185509.7255 2298.3181 561 11.113649 878 44
467 1096 1021662.0560 1631483.2237 302.1094 98 3.046068 307 63
10026 7000 1101844.6734 1473791571.1635 9735.3810 1867 159.224865 3422 313
402 577 120649.1164 1151687.6543 262.6343 91 8.569126 362 39
911 575 546902.4391 13482342.6540 589.3934 165 10.200266 308 43
513 1051 1080255.5668 59231646.6568 7322.3612 166 13.791589 282 161
386 509 453000.3428 3799172.6524 194.0558 92 0.736598 173 59
169 427 415658.2635 2016100.4997 340.2953 94 3.751533 90 56
281 469 568614.3242 5278665.9210 358.3217 97 6.850730 68 30
40 10 100196.1367 109465.8555 9.9882 11 6.119382 9 0
9 1 1001.8096 10182.7557 9.9989 10 5.933979 9 0
50 10 10313.7042 100533.9124 9.8158 13 4.426194 9 0
55 10 101277.0210 110114.3333 9.9089 12 5.030307 9 0
54 105 10301.7625 10139.0444 9.8395 15 4.936980 9 0
44 10 10163.7736 100293.0979 9.3792 14 4.500514 9 0
65 102 10326.1388 110912.9329 9.7597 17 6.287884 9 0
61 11 10635.2944 107436.2803 9.5139 16 4.807163 9 0
5744 933 1100312.0464 201501496.9846 5605.4917 861 21.082875 3837 136
74 108 104897.5345 101342.9351 9.2302 18 5.217447 8 0
300 391 419796.7865 5159719.3178 163.7290 89 8.979497 38 31
429 1032 766910.1324 8092817.2404 248.9169 153 9.099140 202 65
923 763 610518.6666 10448028.8787 622.7617 155 4.269697 344 260
4147 3082 1072470.4140 386833388.8400 4433.3128 558 51.591645 939 39
476 695 968076.5476 19109707.0395 499.2970 156 2.724314 221 56
481 487 1045249.9873 10292216.1589 447.9732 112 10.050177 234 21
5017 992 1058650.0318 98298435.8047 7717.8425 608 30.271440 2109 19
1288 1400 299783.4107 10382915.2227 905.8162 237 9.757027 259 192
177978 19327 1269872.2397 220651390948.4155 397068.9851 14365 694.382932 28644 654
81 118 109334.5795 1171117.5875 84.6279 48 8.240968 88 11
76 175 111809.1170 369657.4802 47.9396 49 4.798461 45 120
92 117 103771.2852 1352666.3284 92.0290 46 5.275831 85 1
95 208 383115.0744 1610362.1443 49.4507 47 5.191779 65 30
89 139 108039.1447 1087837.7529 60.4630 44 7.331513 62 1
85 118 228257.6874 1332559.8309 78.9533 45 5.022458 99 16
95 194 186753.2223 1048426.5264 95.7272 42 9.406631 80 3
183 117 112732.6851 136980.5827 93.4244 43 4.288496 61 24
133 16 100647.3009 143353.5100 93.2766 40 7.763811 67 0
80 152 108075.9044 211621.9665 83.8280 41 7.046019 8 13
9 1 1001.5188 1004.5748 6.2857 5 3.419539 8 0
9 10 10092.0553 1002.6167 9.9698 9 6.429364 9 0
790 363 223931.8047 13910814.6555 516.5222 146 23.692527 282 57
1272 556 500833.0080 10732569.8983 1070.0992 200 25.094277 590 52
1070 685 357051.4917 3975729.3980 835.4741 142 9.068725 423 8
753 894 977557.2492 5372379.4420 472.8113 140 10.523371 336 84
3338 1733 727542.2540 167434887.5821 2444.1607 616 37.173508 954 171
2269 3552 834756.7046 183830123.2754 2071.5333 614 41.447307 743 204
276 232 164586.2187 1130524.1685 258.2785 76 7.742587 156 6
320 804 478436.1875 1795123.5704 209.9738 75 3.437881 184 22
422 217 105566.4899 2383232.3752 95.9893 74 7.295062 70 1
502 421 107637.2037 22280486.8061 312.1382 73 2.963267 9 7
310 211 1019563.5215 2045880.7396 234.6793 72 5.440439 4 10
13638 10487 1209716.4559 10588789789.4004 51569.2739 3058 41.598537 6266 2156
249 141 424720.8207 1609749.6652 199.9294 70 4.101367 92 18
528 358 740403.6598 10794276.6558 850.5105 154 3.013018 332 3
203 451 139929.3917 1173363.3975 141.8474 79 5.549817 95 82
123 385 615630.1041 4841110.4476 233.0375 78 11.393434 58 39
4892 1630 1053082.5175 412887034.2540 4042.6444 949 36.845432 1526 98
7438 4237 956897.0084 701498825.3814 8094.6940 944 37.642835 929 207
10074 3468 763747.4326 555152555.3577 9378.9072 1475 100.520863 5695 294
