268 1373 167418.9646 1162582.5809 99.4258 66 4.145053 61 128
819 967 363741.9238 29036885.3199 648.6178 212 27.377785 334 58
3942 6371 512110.9348 170957193.5162 3666.7149 762 49.609813 1696 1041
5323 4696 428587.7603 222843428.5661 5414.0044 662 30.845843 822 329
418 1263 132519.3372 2930646.2077 261.4285 133 8.746037 270 1048
799 1862 253400.4478 4442384.8733 488.4747 137 7.441700 308 532
564 716 272299.1038 9178618.7752 600.0987 135 4.678227 142 47
420 1208 202185.5974 4691269.2632 298.2335 134 7.209439 84 103
1812 2924 375247.0601 95799299.1736 2103.2389 494 15.825972 347 264
612 1214 325371.1408 8283405.9025 376.4711 139 7.175865 106 207
448 2684 166206.2596 8730835.8358 212.5002 138 8.623287 69 76
429 1481 307315.2007 7166934.9180 290.9172 166 7.110754 123 318
99 109 103716.5681 108921.4465 9.8612 24 5.244427 9 10
88 106 103208.5610 103099.1509 9.3334 25 6.808566 9 0
97 100 100983.5045 103091.4617 84.4130 26 8.654882 9 0
89 112 102416.0510 103502.1326 9.9087 27 9.123205 9 0
68 103 107391.6589 103069.1365 9.7925 20 5.052906 9 0
97 103 10026.4347 101184.5889 9.8996 21 5.417447 9 0
78 102 101086.3090 100326.5204 9.6747 22 5.824431 8 0
76 100 10357.3043 102958.0732 9.0398 23 5.333183 9 0
306 834 154178.7033 2094934.2919 169.4554 95 6.707823 80 181
79 100 100633.7671 102383.6598 9.0779 28 6.655212 9 106
83 107 120435.0358 1132985.1896 71.4380 29 4.914088 94 0
1440 2801 330313.6274 50504149.5387 716.3537 281 24.800098 74 136
25 10 10157.4857 10387.8869 9.6224 8 4.796634 9 0
312 328 325997.7929 4305251.9440 217.5468 96 7.051605 62 31
307 352 104566.4073 1142077.8655 158.5576 68 4.700925 47 41
6803 13400 350876.0303 357056025.2262 6319.3758 998 45.609017 1181 1461
518 600 242394.4338 4024708.6530 350.1038 120 14.004006 189 126
433 694 309512.0110 6634011.5477 295.7039 121 6.999945 135 98
464 539 188502.8370 4611378.2963 301.2137 122 21.581613 97 100
662 1002 285589.3736 11806147.1060 514.7721 126 7.909930 98 161
500 1062 219821.0131 4922634.6556 285.3486 128 5.712264 245 209
337 1192 114970.9832 2967344.3947 210.0212 129 1.839511 252 748
199 298 233431.3035 1095271.7852 94.4932 59 6.168270 59 11
160 596 101628.1834 1300082.5947 66.7157 58 1.885670 92 266
256 573 21731.3340 1800667.1642 30.7068 55 5.420110 62 136
314 205 17655.4756 329019.9508 70.2427 54 6.725258 84 102
197 168 300107.3129 1188285.0825 81.1536 57 7.615455 50 106
93 1306 107153.2339 1185266.5219 59.0511 56 5.374156 56 110
26594 63624 608690.2754 8436210604.9494 42965.7904 3247 89.851530 3634 7589
99 1115 139552.0660 1061543.8639 78.3990 50 9.674622 94 10
75 1113 238244.3090 1186095.2526 99.0813 53 9.498485 86 107
84 2098 142451.3201 1092041.8628 88.6895 52 4.746780 90 103
66 100 10070.6029 100178.6173 9.7652 18 4.877458 9 1
750 2345 524056.5405 21943626.3405 802.2695 291 11.544425 258 681
593 1988 215726.0145 16090656.0662 1816.9439 318 7.335243 393 764
975 1710 219395.4821 17026835.4605 649.9324 198 11.941821 523 104
554 1126 374679.0036 31628009.8444 658.2619 194 2.723845 118 88
299 1192 126249.6504 1818810.2581 148.1252 115 1.638142 219 741
482 1489 134369.7838 4026182.3553 440.9367 114 8.488940 72 114
159 1049 109919.4104 2211715.9423 58.3549 88 3.773575 34 221
239 2090 497762.4827 21889991.5348 141.8696 116 1.910018 18 77
440 1266 220302.9465 3830099.9127 407.0334 111 9.287499 75 44
1973 3479 302310.6955 33554875.7227 1482.4220 396 15.386137 924 631
429 730 328464.4608 4852665.3569 343.7632 113 2.471267 282 239
237 558 103522.1089 1133277.0007 71.9671 82 5.145559 95 122
247 1372 106511.2721 1396915.6100 97.6944 83 3.840069 68 20
322 1688 152352.7776 1694802.2374 47.3296 80 6.548893 79 22
323 2361 179685.5762 2360298.0247 452.3490 81 6.909550 6 152
448 477 151570.5920 3349072.4324 379.9077 119 9.439924 74 105
515 1202 481086.7840 11760899.5769 529.2218 118 43.529289 93 134
183 302 163896.5754 3710143.9412 508.6972 84 0.713901 54 5
188 277 217242.2901 1300656.2475 61.5594 85 5.607741 68 145
764 2462 529335.5853 28643277.5940 461.8051 207 20.292077 128 292
9 10 10012.8167 10076.8115 9.6429 7 4.326016 8 0
2225 1372 377142.7891 86509484.0445 2825.5237 423 6.756548 1281 149
1446 3805 433879.1626 53200260.0197 1115.0305 360 20.941976 475 376
1116 3665 289839.4961 26433236.0907 980.4218 305 8.561612 489 477
265 742 74747.0734 2382708.9635 160.0332 108 8.201450 94 161
439 1115 181537.6916 2626937.5283 216.1057 109 6.548319 199 254
324 1293 206165.9644 1351390.3501 174.0579 102 6.976317 146 156
272 812 80049.7201 1850030.9401 104.9997 103 3.502914 106 217
302 1333 138638.3808 2345954.5561 198.4561 100 6.682261 96 247
240 531 262492.3703 3919481.4432 153.2324 101 3.282479 26 185
243 1026 43847.6125 908163.5657 142.1329 106 13.100408 129 344
405 1085 130142.8928 2483936.9870 177.7239 107 6.090374 91 115
219 1506 439737.1397 3400266.7467 107.3858 104 1.979240 144 690
628 275 85942.1139 2406134.5045 522.6471 105 25.576796 49 207
95 132 108937.5188 1090848.7133 91.4626 39 8.738336 89 0
96 101 119207.6424 143680.3872 89.5831 38 9.652696 9 12
99 113 103246.3005 1346296.0349 58.0969 33 6.296165 91 10
76 111 110477.0746 128439.1186 83.5288 32 5.037757 9 10
96 107 10311.7965 1063704.2810 79.9496 31 7.230864 9 115
97 108 10358.6927 1080391.0184 77.8366 30 5.878068 73 10
99 152 102738.7752 1039886.8080 73.9310 37 7.898443 9 1
93 106 102026.0077 108674.6967 99.2571 36 6.202922 97 10
90 147 100488.8893 108866.6358 94.7721 35 7.218813 9 10
92 107 105204.4777 107316.6254 64.1984 34 5.080429 72 102
1707 5524 239369.9768 65298343.8963 1335.6398 518 7.000233 763 2081
4177 24816 550641.6536 1572209474.1429 16984.8476 1530 29.810663 1183 3913
270 910 300989.2729 12591640.8091 923.9607 160 2.661688 94 259
1672 5707 371721.3341 47326173.0815 1001.6101 450 42.455531 521 801
4850 1041 361619.4150 66645578.3277 7378.8007 572 28.988508 2073 71
93 1323 111945.6954 1477671.5571 82.1658 60 8.936644 80 114
266 275 169904.9081 1054236.0655 96.7441 61 9.049423 9 10
85 1603 121532.8814 1087234.0706 96.3066 62 7.056546 49 13
339 1246 111339.0709 1597280.1833 98.1922 63 9.087306 62 110
293 398 210453.8141 1151625.3230 85.3102 64 5.076541 79 107
239 1378 166389.1596 1134013.6718 87.0677 65 9.590939 64 19
839 1605 81345.0467 8133277.0452 505.0935 179 20.126280 309 242
326 1294 128986.6189 1228812.2171 80.4592 67 4.740223 97 128
802 1525 289997.1854 8484326.9845 533.2566 177 5.098277 139 192
258 2392 223999.4462 2932342.6962 173.2928 69 9.822874 36 12
623 1312 261992.5435 16162377.2391 496.9220 174 6.069054 136 49
609 2305 433840.6363 26367105.6052 1558.3248 257 10.589630 308 526
778 1993 80871.9452 4828717.5273 568.2331 171 15.497188 259 415
6053 7877 335373.6646 301404490.9331 5495.2189 978 15.134666 2684 2563
480 2297 300479.9934 15781429.7202 278.8362 185 9.685418 294 852
79 1066 181203.6723 1111334.4832 99.3726 51 5.972222 85 11
9 10 1014.7680 10874.1051 9.1151 6 4.245455 9 0
352 792 144190.9344 3012913.6273 180.2037 99 7.601061 105 143
412 1649 49173.0638 1248611.6811 276.0044 98 5.427082 91 104
260 330 102820.6038 1561036.1950 213.3576 91 9.176316 79 149
292 1020 154112.0256 2392993.8643 124.5346 90 1.134508 108 297
485 1150 189282.4190 1031184.1259 91.2973 93 7.282742 94 134
515 1300 222530.8438 17181590.1279 88.7956 92 7.680801 55 189
587 2746 328162.1103 51138788.7832 369.2240 223 8.707055 49 138
271 1482 127795.1827 2785660.2032 88.3688 94 3.576446 97 155
257 1276 53827.3791 1515993.4327 99.0882 97 5.741906 151 119
347 2201 502268.5862 12376442.6048 191.7625 163 4.433996 83 371
41 10 1039.0605 105902.6735 9.9230 11 5.381650 9 0
38 10 10055.0250 102179.1123 9.7480 10 6.429364 9 0
45 101 10089.0431 100170.1840 9.6105 13 4.744126 9 0
55 10 10189.4183 101286.5910 9.8682 12 6.958998 9 0
65 100 10345.6116 101180.1738 9.9267 15 8.897575 9 0
60 100 10063.4132 100134.1836 9.5724 14 6.723011 9 0
67 105 10164.0114 100401.5535 9.7264 17 5.196055 9 1
64 101 10426.2896 10242.1475 9.7297 16 7.198110 9 0
80 102 10274.4958 100988.1306 9.9610 19 8.615241 9 1
315508 310004 639636.4880 13276395570033.0742 4376865.0853 68671 3499.804173 30749 30043
211 1078 309818.8161 1264373.8521 88.9455 89 4.984946 83 202
225 666 172056.7437 4143556.5401 267.1877 110 2.304571 95 87
383 920 382025.4154 21189774.8121 349.0836 151 4.444385 92 100
567 931 86420.4713 4958094.4231 374.4458 152 9.991598 272 267
1165 566 105131.9552 4019150.0790 913.9203 154 14.071995 303 190
604 1078 366740.6998 27276341.4229 356.6772 156 1.937584 249 67
372 2528 214524.6887 9179925.0841 178.5439 159 7.505651 46 240
1128 1276 530001.9610 41866825.4055 814.9624 238 5.560119 495 253
602 3065 539964.7428 74167642.7614 340.8691 239 35.109967 49 76
707 3611 273253.7862 17021296.8297 376.6067 237 5.489836 155 347
8958 19157 542838.8132 745175926.8616 9455.2542 1618 87.163522 2685 4118
99 1040 156420.7864 1121227.4277 95.4096 49 5.648984 77 154
94 171 132406.9010 1050249.7983 84.7261 46 7.382205 88 1
462 1409 122260.3494 1715118.4082 80.2721 86 9.969769 50 115
94 319 101229.5786 1094205.3597 55.6228 44 9.920570 8 163
97 1097 116670.2995 1303983.9706 77.4845 45 5.192883 74 118
97 122 114829.8269 1101516.5878 99.0054 42 9.224688 9 1
94 164 112389.9155 1169853.5588 90.2488 43 6.916783 84 11
91 121 109493.0073 143198.9543 97.9524 40 8.679219 98 0
265 505 107578.6870 1598177.0040 311.7230 87 3.486490 74 26
1462 1940 281717.3053 35997692.9357 1000.9776 324 11.095805 459 431
27 10 10097.9138 108785.4861 9.9771 9 5.012803 9 0
989 3255 335716.3470 49883267.2666 975.7032 328 3.228290 461 1361
438 2363 358803.1901 16145472.2174 169.0185 147 3.767717 153 499
535 1703 150279.7139 4567793.1481 792.1891 144 3.652684 316 22
529 730 112343.3060 19335388.5481 462.8002 143 21.471442 22 128
453 1684 371015.7649 13444249.5731 286.8566 140 6.613057 35 167
1178 1431 247535.9760 11056793.2565 940.8009 208 23.685814 446 187
510 2407 305291.1386 11177649.1948 332.8222 148 8.737332 106 224
442 736 317238.3938 4947753.3135 322.7308 149 5.361704 148 230
134 604 184049.3725 2051054.7713 68.7881 77 2.353514 50 121
594 1248 155177.6523 1054816.5055 48.9978 76 22.845978 34 208
251 263 102273.7233 2328968.0724 134.9522 75 7.911280 62 23
463 567 99160.0311 1101587.6603 310.1977 74 1.205808 240 29
335 1425 206671.7009 1059693.1486 75.3691 73 3.698256 94 1
180 1323 161341.7988 1485734.6168 59.8036 72 1.892014 79 209
347 245 128757.1461 1489028.0891 62.8482 71 7.549053 8 11
177 2053 179010.8294 1391730.2086 93.5968 70 5.529422 78 12
468 1226 135993.4710 1282186.0670 63.5325 79 9.115497 89 107
265 1108 103454.4054 1910778.9606 78.2692 78 7.808259 80 143
10155 7009 515274.2397 926919811.6472 10913.9964 1042 99.335353 481 394
94 128 113290.1929 1087140.0901 80.9146 48 6.905785 54 13
98 1090 103997.4319 140527.5836 94.0478 41 5.886502 9 11
98 168 112161.6586 1295507.7027 92.2862 47 7.737287 75 109
