220 3246 553156.9127 97437051.4086 5970.8907 215 2.394821 9 2
724 10977 603107.1195 946644869.1334 46694.5383 669 12.306468 83 409
502 4189 605895.2105 960328093.0787 71172.6236 496 4.441408 8 14
72 1048 118057.4470 218456.2814 52.5947 41 2.977549 8 0
77 103 106957.1367 109150.7334 9.6754 24 4.615714 9 0
74 1075 102646.7817 100798.2340 9.9122 25 5.042544 9 0
50 1010 109790.6412 1074631.1976 9.0609 26 6.590782 9 0
69 1055 100665.0705 1061650.4616 9.8737 27 5.636225 9 0
53 100 101111.1442 100099.4536 9.7944 20 2.614694 9 0
46 101 10211.6340 101159.1466 9.9046 21 5.083807 9 0
48 1080 10004.9271 10280.7523 9.9084 22 2.531746 9 0
50 100 106431.2112 1134462.1054 95.7331 23 6.132559 9 0
76 133 106864.8782 114720.1247 91.0579 28 4.196969 8 0
92 1017 10888.3700 1006379.5952 9.6987 29 2.604595 8 0
6 1 1.8392 10.6264 4.9848 4 3.003693 6 0
366 1005 510885.5760 93572248.2949 24867.7497 342 13.034095 13 0
9 1 0.5037 1.4257 9.7445 8 6.291490 9 0
78 1479 341697.6374 3099409.7122 37.1409 68 2.497753 45 3
284 1520 589030.3043 204667530.6332 19765.0542 266 0.867513 27 20
86 1863 247687.3479 17331073.1979 595.0070 69 0.660143 39 18
96 1076 293428.9205 1265654.4785 92.6009 59 2.148063 65 0
81 1266 294815.3049 1930877.3532 85.1741 58 3.379516 50 149
72 1036 28554.5149 1373237.9682 68.0765 55 3.318880 9 1
68 478 215942.0038 1160026.1658 45.7195 54 0.950486 45 19
64 1128 219044.1872 1434549.5602 87.9050 57 2.628957 6 173
82 1142 123145.7212 1300898.6654 50.6035 56 5.926154 9 0
69 1135 107791.7989 1229347.5916 71.2993 51 1.522331 55 250
86 1069 105338.0658 1568741.9674 90.6992 50 6.456435 65 118
68 1468 324837.8688 1818934.5488 30.8763 53 1.922429 40 107
65 1026 102612.1855 1737114.4856 94.6419 52 3.371075 5 0
279 5949 570698.6034 151541688.4082 4275.6014 259 6.121398 16 6
221 1128 272585.9106 18143671.1832 7024.6415 198 7.618247 98 12
201 575 545620.1577 69233466.7036 7884.9512 190 0.666667 17 12
128 6784 550612.1122 20999408.4705 423.6561 115 0.575017 18 106
145 1712 398934.2909 17702672.4615 608.9743 114 10.212788 8 1
108 717 110815.4052 1135883.9667 222.2615 89 1.026445 86 258
283 1867 578021.9396 222822685.0631 15867.0815 274 0.881917 71 345
290 2826 597869.3820 160739798.8222 10040.1338 276 5.862741 13 6
135 1082 325600.9264 8488723.9879 1045.3216 112 0.733734 7 16
94 1688 154353.7144 2766431.6686 86.4526 82 2.186603 51 200
88 809 460781.1214 12155056.4376 806.3312 83 3.488693 70 178
85 586 332884.7251 9435891.4169 841.3280 80 2.150303 5 0
88 682 267860.4153 26123228.0482 88.6599 81 2.204754 3 23
99 1159 100695.9305 1771323.3399 386.7331 86 0.642018 43 227
143 681 449667.5829 37718294.0582 3650.9937 139 1.030038 5 2
100 735 84464.0670 600991.0930 501.3463 85 1.641198 85 287
868 16027 622285.7051 1410906332.9708 68232.9350 793 7.467088 32 28
3 1 0.0000 0.0000 2.7025 3 2.800000 3 0
9 10 1003.4806 10035.9868 9.9139 7 4.288312 9 0
185 2443 324546.2932 7347331.5210 929.5979 108 1.971654 101 10
114 2464 178096.0522 3343170.4516 117.2080 109 4.707984 67 525
419 2116 404002.1463 59590152.3091 17769.6028 386 9.975551 53 23
129 1115 285943.4848 4411157.8960 792.8554 100 4.359031 71 183
113 1096 493561.6215 39797006.6728 938.3745 101 1.692321 39 77
134 906 390726.6938 8822678.1313 162.7011 106 9.613370 12 4
114 1266 437597.1834 12182491.1779 944.9483 104 1.742695 82 2
127 1160 179453.2740 1284283.2285 88.0892 105 2.640091 99 438
64 1090 100160.1195 1308741.3432 91.6608 39 5.916399 6 0
72 1237 106108.4612 100281.5726 78.6669 38 2.380953 6 0
74 1057 107750.7069 1055307.8989 93.7681 33 2.575621 9 0
54 1013 131651.1309 1176543.9658 9.7024 32 3.273440 7 0
46 107 112968.8077 1240906.1515 9.1568 31 2.973767 9 0
64 126 10458.9929 124059.9280 97.4928 30 3.599942 9 0
74 1365 103240.2076 125943.9634 48.3923 37 2.981014 9 133
56 1007 101363.0029 1080613.2425 9.9784 36 4.349260 9 0
57 1034 104095.8422 1029913.1526 80.6276 35 1.850271 8 0
64 1148 106838.4114 1007131.3159 95.1147 34 3.922486 9 0
438 4305 615278.9637 492098588.7829 24270.6354 430 6.822178 22 12
639 3178 600146.8694 863539577.5608 104170.7353 622 4.801045 19 11
80 1498 335615.5775 4455367.4966 167.1804 71 1.717977 21 0
91 475 107305.1941 1223039.5627 60.9470 60 3.579450 6 21
75 1012 153975.1211 12396576.1054 94.0633 61 1.720595 42 1
71 1823 132389.8062 1168281.8924 40.9259 62 4.375820 32 213
97 1198 130427.4963 10277708.8609 73.2715 63 3.231516 8 180
66 323 482931.8581 3681971.3762 274.7803 64 0.865987 13 22
75 1163 384445.7151 2991755.9333 85.5676 65 2.707346 7 0
78 1297 188564.2610 2009067.1950 73.7180 66 6.973785 76 1
86 1283 209243.5594 1388690.7539 67.2113 67 6.489970 8 13
288 3782 568197.3254 102418103.5763 1589.9975 252 7.103537 39 20
188 1080 497935.4395 61414887.7988 4287.3012 176 8.052361 23 12
261 2093 575461.5875 163821065.8575 11220.2584 254 2.441156 10 2
9 1 10.5330 10015.6059 9.0000 6 4.245455 9 0
200 2923 548184.6891 76954144.4006 3700.8703 188 5.419687 20 13
129 3774 438787.9392 5663048.7369 230.1158 99 6.253577 9 158
99 1095 203364.5057 12939657.9930 754.0765 90 1.210258 53 153
199 849 407205.2775 7814839.6150 106.8277 95 1.146333 102 278
36 10 100559.0485 100250.0643 9.9815 11 6.119382 9 0
9 1 100802.6972 100185.1315 9.9590 10 3.773741 9 0
35 10 101133.1633 100272.7509 9.8739 13 4.802576 9 0
48 100 10065.5056 10022.8995 9.9985 12 4.870266 9 0
88 100 100441.4765 101551.0707 9.9848 15 4.246129 9 0
39 100 10151.3857 100419.1743 9.8819 14 3.405511 9 0
51 102 10049.0676 100051.1000 9.8807 17 4.312310 9 0
36 101 100272.3029 100600.5553 9.9677 16 4.097106 9 0
46 10 10124.6933 10244.8089 9.3361 19 3.527579 9 0
74 103 105896.4080 110261.3336 9.9636 18 4.024129 9 0
179 1973 283069.3443 8765125.5998 404.4061 153 1.474097 141 528
172 7123 499946.5268 33561245.4183 217.8109 158 3.092017 44 66
261 2353 389409.5511 30005463.6896 4058.4360 237 0.633280 156 656
80 1112 131753.3318 1496386.4046 56.6836 48 0.916296 67 170
98 1147 147000.6555 1074400.5822 76.2895 49 4.861982 67 106
69 1056 110709.5830 1024801.4782 496.0794 46 2.898429 9 1
75 328 24390.5624 171884.7630 84.6808 47 1.448441 65 156
74 1010 110742.3270 1025674.0155 51.2623 44 4.286022 9 0
65 1021 148301.8070 1025248.3858 58.3416 45 4.688841 51 11
67 1068 142646.7598 102771.3798 61.6870 42 2.876461 48 109
59 1033 106463.0951 1113182.9137 9.9156 43 2.966484 8 0
52 1007 124647.9657 1016270.9141 73.3762 40 2.390801 8 0
110 2828 381910.4996 6127741.7081 96.9439 87 0.809690 32 151
334 3859 552749.3016 127905134.7944 9381.0960 322 3.379895 10 3
9 1 100.0068 1000.4950 7.1429 5 3.047619 9 0
9 10 10009.6981 10007.1019 9.9113 9 4.291172 9 0
176 2856 135055.6721 9114140.3613 311.3631 145 4.768115 52 152
159 2101 351264.3152 6830922.8185 135.8240 143 5.997345 85 678
160 3951 524024.6921 33677859.1714 671.9508 149 1.877140 1 7
89 1209 322913.8595 11888807.5673 91.9570 77 4.228434 5 1
85 2253 217620.3792 3005615.4293 71.4202 76 6.544442 9 1
81 1556 351108.8516 4536093.7524 101.3661 75 0.481398 25 80
88 1465 298608.7273 3366367.3429 87.4402 74 4.103213 54 0
96 1600 33143.2402 505623.5989 89.4054 73 4.377053 51 33
80 1794 260001.8630 1539952.1171 92.0638 72 2.542497 53 20
497 4828 598037.2175 734166012.7190 54983.9044 489 6.056581 15 9
93 678 186470.3939 1459963.1051 608.0483 70 5.432844 66 277
89 709 334346.8654 1355474.8592 971.3337 79 5.039607 75 1
96 1017 146608.7723 2061700.7285 97.5071 78 2.087095 83 138
413 4769 362279.4152 28785202.2306 1938.4646 350 9.428951 284 1431
