634133 342083 639846.5707 39199030534207.7266 7970637.3105 112165 7104.381569 99085 61507
1796 15229 613900.0342 2720651581.6138 18019.5086 1323 30.686035 149 1388
94 614 203080.9982 11820414.8352 53.3105 66 1.479180 7 213
523 1760 341705.2033 18373522.2769 301.9303 154 8.203290 37 93
734 7696 539401.2558 669676510.7207 918.7809 556 11.613502 152 1257
1715 9649 457950.5140 130937430.3760 1188.6103 574 17.283901 336 1699
89 525 412466.3820 4384940.0072 53.6012 60 2.181046 10 89
636 2986 470744.9993 91325707.5653 385.3253 392 13.877307 190 888
343 4475 580558.7787 138354554.9034 271.6301 259 3.157300 59 376
71 163 111555.4346 705859.5093 40.9110 35 1.525258 9 24
34607 74214 629353.2195 32623711926.1453 120159.4561 5508 134.890431 6004 11254
9 10 10322.8125 10846.8960 9.8680 9 1.920210 9 0
611 3710 597517.9237 596720922.2966 754.2880 399 6.446472 89 696
224 2305 435647.6729 35420531.6079 84.9603 174 5.584268 20 186
195 1378 311546.1550 5221702.6080 88.3513 119 2.196750 59 441
228 1359 46309.4561 786690.1175 121.4294 93 0.473608 158 887
60 224 19288.4366 107182.2053 33.9879 24 0.894949 14 16
61 121 13737.2154 102263.2536 83.5500 25 2.065372 38 15
47 83 202753.4300 1336158.0621 47.9583 26 1.446163 5 22
444 3831 520047.4528 32581865.6233 279.3486 251 1.555611 165 1405
44 102 15928.2308 182936.3737 4.4451 20 2.600756 3 11
54 102 10576.2732 206920.0689 58.5904 21 1.564702 5 1
58 346 134627.4226 1183865.9441 60.0891 49 0.728789 7 42
184 331 152659.3273 405980.3490 183.8462 46 8.048150 49 113
85 337 169772.7351 5139563.7921 50.8971 47 3.664167 5 137
66 315 325693.0429 2426330.4670 24.3058 43 1.266390 11 58
476 4501 550319.5906 66576505.7255 907.4869 323 4.457175 106 798
3 1 0.9497 1.2323 2.0000 3 2.500000 3 0
9 1 1002.8294 1003.2850 6.5000 5 2.488682 8 0
6 1 10004.9793 1002.2484 4.1538 4 2.821429 6 0
9 1 0.3725 0.9422 9.9580 7 5.000000 9 0
3570 6586 609859.4653 563547900.0379 3582.9763 651 15.851282 520 831
653 4498 423631.3244 92257788.3708 288.4372 366 5.899355 240 1373
9 12 10254.0051 10383.1848 9.6155 8 1.736418 9 0
394 7007 430051.1685 75172824.4378 280.7670 284 2.276862 75 1091
362 3022 518480.2396 17151826.3402 194.0138 201 8.458714 63 569
36647 196772 638207.7157 1081733901373.2643 223832.8082 17774 802.598088 9095 36665
203 1252 569903.2219 32942315.7136 144.6256 143 2.850456 51 141
857 6058 495991.2066 134422776.6911 576.2112 443 1.486829 318 2285
9 1 10431.6818 1046.5554 8.1273 6 1.597222 8 0
2057 3029 437413.1616 107954328.8154 1604.7544 466 25.537815 736 1390
27 109 13918.7681 11016.6152 5.3149 13 0.825708 9 11
932 7258 592870.1305 602415435.4257 603.0973 588 29.406774 134 647
107 59 49075.6371 348909.5434 77.2512 34 6.797178 26 8
363 905 41789.4650 648583.9294 192.5251 98 4.946038 253 633
104 493 264217.1627 3419482.1907 37.8413 74 1.564467 14 92
332 1837 418706.5086 185232473.1503 7701.1297 306 3.737718 30 172
223 1041 187429.0357 6175439.7477 116.4798 126 2.966687 82 338
43 102 16775.4227 101069.3772 9.8584 15 0.786222 9 12
219 1675 406322.2090 25771196.3176 161.7114 166 5.787920 55 225
145 972 272613.1000 6537654.6572 83.8271 101 2.031199 47 262
23 220 17097.4039 167074.7991 9.5384 17 0.914286 4 11
78 162 104569.8158 1664665.6388 8.7905 29 0.419419 5 125
145 954 419233.0637 4064723.3792 97.6897 79 2.551001 60 291
184 1175 526465.1723 64138398.1434 525.8541 163 4.882166 50 264
30 103 11886.5421 111011.0926 9.1972 11 3.507361 9 0
9 11 10192.6916 119064.0851 9.2253 10 2.455739 9 0
62 265 130247.4016 1544497.0457 32.7519 39 2.619679 9 12
41 463 33155.6443 118175.4805 20.2632 38 0.458250 29 192
72 521 237884.8611 1268130.8223 88.1380 59 4.280471 28 254
23 579 121512.1370 596349.7921 8.0840 23 0.000000 3 31
205 2002 284912.2956 4628096.5206 132.0102 80 4.825881 20 110
50 118 178370.6534 19101.3970 7.0534 16 1.235294 4 0
41 159 123649.1192 232871.2350 9.1683 33 3.098291 5 117
78 205 272561.8776 2068904.3440 300.8342 54 0.135803 2 3
31 213 95153.0872 831962.3626 19.9670 31 0.000000 3 32
48 256 15580.6927 1000425.8315 28.6815 30 1.280708 20 113
59 164 88113.4114 739499.9892 37.1260 36 0.619031 1 10
209 249 45112.4887 479565.3539 151.7332 53 6.946510 35 181
79 2004 140196.6181 1145860.4342 87.5050 52 6.699748 18 331
59 111 122371.9745 167900.8451 8.6783 19 7.101024 4 10
3061 19673 612868.2800 4466301006.7232 2019.6136 1360 47.568239 490 2314
21 74 202155.9801 236408.2929 19.0500 18 0.861948 11 13
48 12 11295.3364 108224.1121 8.7301 12 2.517765 9 0
1329 5698 524526.9262 109396678.3634 820.6838 432 21.064329 340 1178
33 107 100269.4031 110541.7049 9.9610 14 1.651736 6 1
339 1279 278212.5389 32678972.1866 240.1789 169 15.021982 25 71
