2078 1963 621361.4358 3365823376.2844 1931.3805 882 68.013297 613 261
2423 986 545392.1831 463658774.7348 2657.8097 621 36.370623 560 27
81 28 353642.7158 1029072.2526 57.1067 30 5.311522 24 4
550 357 342522.1937 41384581.5900 380.5197 212 10.597241 238 43
20181 8237 636771.6965 34593788164.7871 27916.7299 3902 190.400224 4259 442
207 27 18799.7405 126582.3200 163.1839 51 5.231629 175 6
141 121 41814.5950 305014.4406 114.4203 46 2.812598 84 64
89 33 152099.3531 1101637.9278 69.9051 43 3.970558 17 2
121 55 171020.1622 4452240.8776 115.4540 60 5.467032 14 0
98 69 89346.6554 1371941.4124 66.6761 61 5.005235 26 20
530 323 474018.7518 57448040.1500 398.2453 215 20.072399 110 25
91 114 238709.3926 1718491.7006 109.8148 65 1.778051 42 32
61274 44647 636675.1162 574121137698.7942 406398.1775 21161 1634.983230 14905 5234
36 20 31165.4936 123768.2934 49.5316 32 0.666212 8 2
150049 44067 638674.3918 1277433949970.7146 536255.2961 25426 1987.948393 37050 2753
176 88 236346.9675 4798345.5980 98.5722 87 3.564445 135 17
50 27 40127.5086 168270.0778 38.1522 24 3.565397 9 4
43 56 138595.5281 258008.9768 24.4070 25 2.144920 6 15
67 11 31663.0378 210686.4620 89.5831 26 3.426718 30 2
86 37 62118.4789 218774.3389 92.3640 27 3.109996 60 23
62 11 12666.6044 174728.8897 60.9932 20 1.870582 2 1
72 15 29620.5039 113996.2190 9.6958 22 2.315668 8 1
56 23 147613.7682 364981.9987 35.4348 23 7.925187 9 1
5867 4472 606401.0061 7546316860.4449 26366.5825 1942 150.177523 2039 466
53 56 61418.4725 698585.3321 30.8993 44 3.298843 9 3
88 46 97880.4780 409966.9165 62.6214 45 5.081333 27 5
67 113 167537.7414 610079.7324 36.3558 28 2.172005 15 19
765 673 552749.6025 336714591.2499 796.0591 320 20.284011 135 45
526 494 399059.5062 94011977.2694 381.1589 297 34.211839 140 43
2427 808 545713.4244 213345126.4460 2147.5001 429 22.965171 851 42
3 1 10.2316 1010.0454 1.5000 3 2.538462 3 0
1 1 0.0000 0.0000 0.0000 2 1.000000 1 0
8 1 1065.1531 10027.7053 6.5079 5 3.419539 8 0
6 1 1015.8741 1012.0857 3.6667 4 2.994871 6 0
9 1 1006.0232 10595.3691 9.5833 7 2.471713 8 0
1158 1055 575921.9578 305794655.2078 1006.7602 651 77.069205 366 138
9 10 10662.7596 10472.6793 9.7262 9 1.885003 7 0
9 1 0.4305 1.4257 9.2100 8 6.000000 9 0
1237 1116 491012.9481 482731206.5784 1282.3600 654 58.375124 376 138
197234 23461 637057.7154 469067007244.6928 450387.0688 18089 964.974854 38740 1248
568 439 546654.5907 204098290.9156 455.0824 287 25.292699 100 38
1153 1109 544230.3853 576936224.4833 875.7529 644 64.001264 202 112
711 929 569371.0680 396274270.9772 765.3747 449 33.362203 119 89
534 330 518629.5244 44917116.8819 933.6735 202 7.070827 25 13
2568 1863 526230.3773 176979081.8073 2556.6155 583 30.280594 1181 439
2204 1201 599104.2428 1712139477.8357 2109.2265 719 72.924452 858 114
57863 17452 634105.1876 289951386558.0596 319063.4205 11582 441.633790 23905 1965
9 1 10180.4459 10037.7981 9.1151 6 3.409166 8 0
536 551 537474.0957 78466739.0725 426.4336 304 21.459788 145 65
469 631 551344.3824 90022734.4205 260.7199 296 15.747059 118 96
108 16 49189.7652 268008.5319 81.2887 38 2.722451 81 2
634 395 514406.8042 55281912.6438 452.8217 267 22.073236 171 43
444 191 105911.2445 2900151.2942 338.6517 126 4.803401 162 40
1206 782 419200.5189 171840780.2224 848.9557 420 43.051422 225 124
407 390 376875.6272 20851749.7259 353.2598 161 14.198566 187 31
649 93 161285.8879 2754241.1324 485.3953 97 27.536805 201 15
40 10 10101.3964 112103.8027 9.8742 11 4.464061 7 0
9 1 10897.3832 10937.8227 9.9022 10 2.603441 5 0
35 10 10872.8571 106596.9693 9.6268 13 2.175006 8 0
55 12 100567.9394 103756.6896 8.0594 12 5.030307 7 0
47 12 11430.5489 147474.1154 9.2527 15 4.426194 9 1
26 10 100823.5978 10065.0447 9.7897 14 4.623309 7 0
57 16 143656.3531 200789.4308 7.6268 17 6.860304 9 0
61 10 13130.0809 107000.2998 4.3480 16 3.859459 7 0
55 13 15820.2348 106699.2734 7.9426 19 5.677110 7 0
45 12 129015.2501 185283.3361 22.8511 18 3.650463 34 1
96 45 63592.1692 295064.7612 67.4797 31 4.230703 6 14
2129 1872 503941.1359 973460346.5055 1891.8374 905 87.291175 740 207
169 16 96902.3620 209275.6551 117.9647 37 5.005963 89 1
98 68 215285.3081 1336324.3476 71.1718 34 1.787409 10 8
58 40 12903.9217 115869.9724 38.9862 33 4.531750 30 11
760 705 356318.8454 180871802.5290 574.7672 427 33.403041 207 78
697 738 535544.8266 244028493.0453 569.8609 438 44.138247 201 109
447036 133120 639558.9654 6462132828411.7510 2916028.7007 52315 4272.891748 44949 13449
923 885 474064.3091 431084891.3179 692.4982 511 47.907363 235 98
1220 1251 550293.9645 749285657.5461 881.8201 648 63.191653 263 132
4956 987 563684.6557 316624372.4418 7827.2228 687 36.167110 2128 55
173 108 125376.0479 3092792.6099 119.3428 73 5.202139 50 25
