49 47 167916.0606 1210578.1266 62.3363 30 5.580033 7 19
628 660 540260.4737 111166951.2646 697.7769 212 8.510436 165 106
2570 3019 445235.3797 1479727607.9953 2152.9560 1208 127.817796 498 524
74125 48870 628794.3827 394583044502.8966 120003.7554 21129 1831.898303 13952 9293
2430 2557 624040.0869 2604442959.9924 2593.3469 1120 66.758784 310 394
38742 23661 631461.1962 212688250900.5311 332339.4306 9535 478.051818 10314 3621
180534 17101 636927.1290 249379327481.7537 409456.3208 15149 767.517165 30463 497
247 66 79407.7584 1395525.3170 176.3982 62 10.816545 89 18
74 51 74630.7198 529649.7090 40.6014 29 5.920938 30 15
453 152 220461.6612 14773650.6588 307.2326 114 7.308405 99 48
632 89 124865.4357 2057392.2006 473.9132 88 26.900426 200 16
194 153 454570.3607 8616831.0648 127.7031 63 5.886731 94 33
82492 41585 637444.5705 1192107393733.6675 1016415.0298 18351 768.751774 32760 5871
411 368 371944.6060 18053251.6993 275.9145 154 23.150683 80 60
33 52 75688.1245 551526.8356 35.9402 24 0.823324 3 12
61 116 133589.3552 687261.4682 32.2061 25 1.947940 11 19
42 22 158104.6131 41058.1816 79.0980 26 5.876791 73 10
1890 1328 483154.3723 591353868.3050 1570.1871 691 66.301256 359 199
55 21 10627.9738 229696.8021 44.6492 20 2.387248 4 11
36 43 62488.8639 287058.9121 8.9691 21 1.048856 23 15
5183 3351 580513.6475 1163399074.2765 5421.3928 1107 51.832705 1133 415
90 110 94603.9084 824490.1156 59.6001 46 1.145499 27 34
38 36 106401.3944 605666.7294 27.2289 28 3.272176 9 8
939 965 394728.9421 208080880.7898 652.4450 405 38.939943 178 146
86 21 187334.6522 218774.3389 92.3640 27 3.661624 9 23
3 1 10343.2967 1106.8635 1.2667 3 2.538462 3 0
1 1 1063.1626 1063.1626 0.0000 2 0.000000 0 0
8 1 10334.0274 1000.6367 6.2857 5 2.488682 6 0
6 1 10182.2569 1043.0051 3.6000 4 2.994871 3 0
8 1 10892.1306 11169.5088 9.2591 7 3.596122 6 0
9 1 10887.0856 16176.4089 7.7940 6 3.409166 5 0
9 10 10952.3837 10935.8705 8.9171 9 2.394663 9 0
9 1 10443.4135 14701.2271 9.5491 8 1.837822 8 0
56 51 334345.5431 1705078.4213 37.7586 36 3.369774 15 8
2385 2430 600475.0696 1266518208.8943 1962.5888 1042 93.213155 594 456
1589 1681 618602.8082 1992886221.3239 1434.1330 675 57.084067 341 210
3282 3314 515165.2827 986298119.1892 3939.2417 1119 87.424832 816 721
115 117 192693.5993 5440815.9534 279.0808 75 6.818695 30 15
146904 49152 638987.7201 1495811901611.4714 855036.5656 27373 1988.325676 37469 6061
344 337 534207.0980 52397608.2092 204.5005 168 12.501859 95 87
385 179 71838.9450 1991577.2640 269.0240 102 3.738936 131 55
198 177 253729.6108 9268560.9097 140.4363 90 3.604610 8 19
394848 153032 639458.9764 5432935082578.4961 1806894.9177 49197 3781.993693 34089 21635
27 11 10267.0751 112103.8027 8.0567 11 5.145931 8 0
26 1 10574.1649 13302.2669 9.6647 10 3.090854 5 0
32 14 10128.4341 117700.3859 25.5849 13 2.871918 5 0
55 15 14725.9724 147027.2369 7.6525 12 5.130728 7 0
60 11 142630.4591 14322.6046 9.2527 15 6.674749 7 0
36 15 10685.5327 142073.9224 8.4174 14 1.683842 6 1
36 17 11188.7909 110912.9329 49.5230 17 3.306386 2 0
40 26 196924.9201 216015.0351 27.1200 16 1.202727 4 1
58 16 14338.7074 171154.4144 37.9877 19 3.105541 7 1
66 19 12763.5651 337936.2914 7.3272 18 6.287884 5 2
96 45 52919.9786 295064.7612 67.4797 31 6.433840 21 14
6225 3977 607973.5431 3258364281.6593 5340.9730 2081 228.056186 1400 677
105 66 156973.3785 2435364.0622 66.1832 61 7.980681 19 8
139 68 99040.7516 1881216.8176 96.2861 50 4.348331 35 20
186 18 2854.4623 32634.0200 150.6824 35 4.812414 159 13
65 71 492815.4509 1489651.6790 46.9652 33 1.805785 12 21
4821 954 560071.6067 196023304.7979 7336.7349 626 34.146716 2023 141
764 647 551907.2512 186154510.1929 801.9388 290 15.631053 142 42
