355 1149 304567.0294 1012869.1132 91.0060 91 6.034818 193 1011
139 901 1036255.6860 52574067.3214 3759.9759 137 4.772309 18 13
488 878 760674.5788 14530544.6267 398.4403 136 1.937757 388 245
693 812 407801.3027 3227135.1064 573.5713 134 13.558640 508 102
140 345 1051799.3993 42819640.1853 6402.0819 139 0.034483 9 9
83 105 10406.3334 113605.3937 95.6681 24 5.041617 9 0
61 101 11133.3351 106344.5672 9.8437 25 4.179075 9 0
90 100 10224.0216 100345.3337 98.2410 26 5.433315 8 0
74 1052 10221.7919 107073.3481 9.4876 27 7.443062 6 0
55 103 10494.1176 1000458.4898 97.8890 20 3.234609 9 0
88 101 107383.9501 1000208.5045 9.8785 21 6.168885 9 0
78 1044 10312.7881 100024.7001 9.7109 22 6.474590 9 0
66 105 124962.1337 111265.8405 96.2510 23 4.173240 90 0
159 1387 1057202.8131 61095648.2712 8622.1261 160 1.263737 1 5
76 1071 12656.1477 107753.1994 9.8018 28 3.930036 8 1
88 1072 111252.0980 100219.0494 96.4638 29 5.078492 9 10
182 676 136788.7674 873659.2512 151.6578 97 10.068665 140 239
9 1 0.5121 1.4257 9.8524 8 6.000000 9 0
416 1624 1151976.4024 219955146.0248 16904.7578 284 3.678022 80 29
124 983 194083.6600 518316.6991 58.8213 68 0.341657 86 323
393 1187 171975.2908 2990381.3291 255.0015 120 7.315235 234 138
276 1278 72733.1441 1112521.6630 108.3786 121 6.424712 212 329
127 717 488825.4708 9012768.3361 4530.0391 122 0.818625 53 119
266 2919 1188450.9163 229779175.8586 17363.5865 260 4.720054 15 24
247 2535 1027329.6422 10672578.9068 4257.7192 126 3.040497 3 16
304 1412 129716.2566 2532647.3164 347.5990 128 5.165101 191 404
312 1133 469174.3410 3925560.9906 164.4765 129 10.675608 224 215
286 2025 1165982.9895 246193425.5448 16700.5385 268 0.895327 59 533
95 1142 140434.3721 1692068.1299 689.2166 59 1.827888 78 27
98 270 147535.5808 1990459.4732 83.6576 58 3.084085 82 27
211 1745 597283.5059 4696731.8148 118.7807 132 0.766228 162 905
89 1082 119685.8138 1152948.1504 53.6492 55 2.981242 82 100
90 331 390807.0060 10132504.4108 99.2002 54 2.289790 46 11
99 241 44016.6490 1075966.8934 74.7553 57 2.637787 83 113
98 1167 247257.1800 1080812.7266 96.8039 56 2.190489 87 129
91 306 190625.2905 1147942.5753 81.2186 51 7.641216 9 113
97 1667 111903.5758 1652318.0401 79.7111 50 4.891864 93 103
99 1252 102779.2665 1383695.7669 839.2979 53 4.003777 72 121
96 266 108698.4656 10952675.7230 80.1968 52 8.427682 9 108
420 3787 1170600.8428 632238856.4000 64100.0248 412 0.604870 7 39
1103 1607 725455.0987 42609610.2067 1645.7298 319 2.665854 919 403
220 1183 175103.5528 1067873.3782 28.6331 67 2.625161 78 164
529 3856 168271.8022 4208789.7053 265.1066 190 12.880528 390 1125
196 900 486070.2062 10867088.6556 12698.1538 193 1.477983 21 40
289 1751 661016.5884 5594628.3837 171.7230 114 2.914767 208 684
319 1012 118710.6310 1136507.6443 94.9403 88 6.081458 230 147
232 2383 182573.7527 981479.9657 104.5117 116 2.801204 202 893
209 2742 650549.5054 11865699.6964 3624.5341 110 4.001597 3 103
282 2292 191852.1821 2131318.3358 122.3921 113 4.717176 164 467
380 2416 798872.5541 36237234.1895 3234.8094 112 1.242662 9 21
389 1183 990353.7685 2659844.8920 187.5189 82 7.290661 249 154
226 1118 128431.5675 1611746.2206 143.9921 83 5.940907 113 241
221 550 378518.1676 2437582.7474 132.6329 80 1.029959 119 111
210 346 903308.0039 3112432.7996 151.1497 81 5.529952 97 27
89 607 110818.2121 1361797.7880 297.0251 86 5.241548 29 112
263 1181 69057.6491 2838568.5149 201.2128 87 3.816685 181 219
120 3095 1010710.8879 13492188.4056 56.6104 85 2.834720 81 189
1475 3785 439949.3450 15286940.0026 969.0940 302 14.207308 1178 1821
453 2774 1132002.2321 452260171.7146 77847.4432 440 2.890446 8 12
396 4134 1142861.0040 480194215.3470 50725.7043 387 3.474968 13 20
426 9532 1140386.0922 457140244.8336 29405.7889 388 6.820383 32 348
271 1312 1055290.7953 1015265.1401 262.5371 103 6.717653 187 136
227 1557 483017.6542 1383553.7717 164.5371 101 3.833496 168 56
200 1099 776652.4731 2254156.2445 92.1156 104 0.588406 157 1111
98 116 126892.1547 1629788.3643 77.2700 39 6.089672 8 10
97 100 106230.9066 117313.4105 99.2467 38 8.713137 80 0
96 1155 110343.2373 117148.5815 82.9500 33 4.060711 9 14
80 116 184720.4225 1060762.1724 80.6326 32 3.696498 9 1
92 1084 10131.6060 111608.5730 97.3436 31 7.972532 99 0
91 121 107744.9394 105281.0095 99.1596 30 5.220187 9 0
88 122 100407.8732 108217.3320 92.6604 37 4.446203 70 100
78 1135 17733.7398 1003205.6268 95.3625 36 7.430800 80 109
87 123 103033.5952 1049903.2588 9.6678 35 9.442149 51 122
84 1099 102109.1859 1162119.1357 66.2272 34 4.875440 9 10
1160 4463 957116.6830 34077418.1913 1074.1772 335 2.004922 759 1906
1191 2714 1099059.1676 30540985.1950 947.8186 336 5.366270 948 1604
509 13332 1173011.0041 556167819.3406 35407.9640 455 2.697137 38 77
89 372 126704.8956 1644659.6176 51.2879 60 3.327613 85 122
277 1671 464219.1789 4893755.1778 263.6326 102 2.474836 163 170
192 386 163100.2394 142064.8777 96.0918 62 7.915048 80 163
82 3195 753881.4438 3130704.7725 48.9873 63 3.521744 59 725
76 397 228189.5693 1137791.5696 57.2540 64 3.893185 51 132
320 338 109484.3172 951036.1863 264.2323 65 9.751703 47 64
72 2231 237651.0623 1029950.9663 98.5002 66 7.990577 86 155
389 3905 875455.5961 8661562.0152 240.5837 178 4.286925 248 1516
809 1667 382973.9269 12817121.8649 703.7446 177 8.940208 588 1257
253 4084 57982.5271 413241.6826 93.2549 69 1.665912 73 139
538 1917 456690.1439 5510608.0634 864.3564 175 6.918826 355 762
311 3569 768122.6098 13275784.1707 363.5758 174 1.883101 195 864
413 1799 638232.4478 2364632.2846 273.4025 171 2.197063 374 1238
510 3843 661086.0553 11107952.9729 366.0144 170 1.717560 320 1568
573 2206 232819.0184 6543387.2730 377.0175 181 7.003702 425 422
219 601 81386.0433 847455.6581 116.8562 98 7.029649 154 97
237 764 936398.3700 48004346.3181 19753.0165 229 7.420252 10 1
616 2101 294044.7219 10632136.7300 418.9680 228 5.566324 489 573
171 1999 1131854.9200 71743134.1530 6315.1424 164 1.054569 14 19
322 2875 833077.4372 6214770.3548 190.1255 165 0.920099 272 1437
98 1981 724338.1431 12195409.3974 2636.2402 93 1.332345 3 21
249 1277 178544.1640 4281707.7272 82.0756 92 4.886440 96 365
258 1075 243090.6320 1113836.2547 114.9958 95 2.542924 184 306
425 1821 191697.8401 3373174.7689 310.9533 162 8.782665 337 450
268 1439 222849.9150 1778190.7085 160.2075 96 2.958378 180 217
29 10 10012.8591 10025.7307 9.8694 11 6.558329 9 0
9 10 10002.3630 10019.9967 9.9961 10 4.748550 9 0
44 100 10024.3545 100143.0655 9.9578 13 7.158998 9 0
40 10 101013.1044 100387.0583 9.9983 12 5.381650 9 0
49 100 100166.9107 101529.4036 9.9293 15 4.451435 9 0
64 100 10019.1539 10032.7704 9.9658 14 4.427426 9 0
41 100 1006.7487 101285.3751 9.7156 17 3.814346 9 0
52 103 102352.5259 102412.9052 9.9041 16 4.310648 9 0
54 101 10062.2976 104165.4271 9.7026 19 3.544854 9 0
74 102 101812.8876 102823.8197 9.6392 18 4.364933 9 0
68 1998 545216.6158 12951043.2058 737.9302 61 4.086083 83 141
461 2788 134967.9548 2631996.7174 308.2745 151 5.274899 296 1046
284 1357 1058445.6859 6179119.4140 3741.4309 150 3.613772 207 14
562 1146 811476.6268 7556031.4599 254.4871 152 4.002313 283 1021
246 1463 915674.1160 12859957.7535 200.4277 157 2.649684 203 770
161 2395 1111958.6755 40062148.9707 6416.2436 156 0.418692 2 17
440 4271 537837.6584 6960448.9979 221.7577 159 8.684027 247 851
545 2024 1097386.5509 16256754.2345 292.1194 158 2.630153 386 242
522 4540 739645.7401 24834638.1525 231.1561 231 4.619472 330 1188
76 210 100728.7040 177753.1096 72.0985 48 3.999756 69 124
95 1134 109473.8627 1057068.5105 60.9421 49 4.776322 83 101
74 238 11513.0096 101207.8503 622.8426 46 2.651040 64 2
96 1373 110276.7869 1219373.9897 88.3751 47 1.595897 65 14
72 121 100485.1513 191204.4447 83.9718 44 3.062152 53 101
95 1443 101036.5711 1565481.0410 59.7007 45 5.845792 60 113
89 1019 19396.8759 112872.0462 79.6229 42 6.374138 7 103
86 1016 216313.7876 174915.8052 70.0405 43 4.138385 56 11
98 1017 164112.7972 1083105.4238 62.3557 40 6.219519 7 115
97 188 15970.6874 102895.1932 81.6362 41 3.486942 57 11
9 10 10014.6320 100074.9295 9.9722 9 5.536049 9 0
149 2245 1019163.9776 64379142.5599 6548.8146 146 0.788257 5 23
565 1907 244683.3610 10674850.8239 322.5860 202 8.320971 341 397
652 844 139037.6669 3065970.7084 472.9794 140 13.946874 370 222
355 1683 663962.6673 11986678.7322 327.2308 141 6.285413 241 235
326 1544 399270.9571 2442509.7894 60.5018 77 6.697972 82 164
186 721 12626.8933 135013.6175 98.3024 76 5.194308 84 126
206 1055 110314.2289 1052825.5623 90.3882 75 3.815172 83 126
99 560 63344.2726 20657134.6519 190.5767 74 0.987979 72 313
79 2010 140342.6141 205298.4470 912.4505 73 4.505621 98 225
92 1228 202948.4785 1004431.4867 89.1694 72 3.941003 97 110
72 1291 339744.4352 1716065.8416 59.2711 71 1.911257 76 447
311 651 42433.6977 462745.0901 199.7590 70 4.280992 227 218
186 1199 12788.7952 185040.0895 93.2712 79 4.988242 146 442
178 1150 120154.1817 1455536.0909 75.9586 78 5.121894 131 225
343 1480 109601.1864 1715590.3131 205.1647 123 6.661547 275 1191
