3 3 681.7628 882.4525 1.5000 3 0.301636 0 0 
5 11 4480.9717 9118.8298 1.0588 5 0.100106 0 2 
407 390 376875.6272 20851749.7259 353.2598 161 14.198566 187 31 
4 6 6656.4585 11318.2545 1.4500 4 1.085470 0 1 
12 18 31419.2262 99132.8637 5.3468 12 0.166667 2 2 
150049 44067 638674.3918 1277433949970.7146 536255.2961 25426 1987.948393 37050 2753 
1 1 118.3326 118.3326 0.0000 2 0.037037 0 0 
34 11 12666.6044 74992.2085 60.9932 20 1.680874 16 2 
1 1 39.7743 39.7743 0.0000 2 0.011494 1 0 
5 8 3566.2627 10819.4176 1.1623 5 0.333333 1 0 
67 113 167537.7414 610079.7324 36.3558 28 2.172005 15 19 
8 9 22350.1997 61690.9174 2.3956 8 0.782775 0 1 
6 4 3954.4049 8991.5624 6.0833 6 0.279070 0 0 
4 6 2023.2155 3936.5010 4.5000 5 0.290323 2 1 
2 5 58.7656 61.2464 0.5000 3 0.000000 2 4 
3 8 6911.4658 11012.6394 1.6667 4 0.000000 0 0 
23 8 17527.5322 83603.6836 19.6256 11 4.464061 7 0 
43 18 57797.3675 189504.0974 27.4565 19 5.677110 17 0 
8 4 1260.2971 2345.9092 3.2893 5 1.164246 0 0 
24 28 30962.2945 127709.5283 15.1092 19 1.678435 7 2 
2078 1963 621361.4358 3365823376.2844 1931.3805 882 68.013297 613 261 
3 4 46.7641 70.5628 1.3000 3 0.000000 3 4 
4 10 11734.5452 23823.8670 1.7992 5 0.000000 1 0 
47 40 139347.7264 805962.9593 33.5782 33 4.531750 15 11 
4 9 2898.6151 3527.0538 2.7833 5 0.000000 0 0 
1158 1055 575921.9578 305794655.2078 1006.7602 651 77.069205 366 138 
5 10 1273.5087 2174.1770 2.2024 4 0.768784 0 0 
1 1 23.7849 23.7849 0.0000 2 0.000000 1 0 
26 33 23172.7638 168772.1206 13.4026 19 2.055268 6 6 
6 10 8650.3762 13129.8875 1.0763 6 0.000000 0 0 
3 8 8161.1563 15611.3686 0.3750 4 0.580808 0 0 
5 3 1900.1136 2227.1049 1.4524 5 0.371951 2 1 
923 885 474064.3091 431084891.3179 692.4982 511 47.907363 235 98 
9 17 83932.3327 176945.9137 8.5079 8 0.000000 2 4 
5 6 30381.6923 32478.5197 3.0111 5 0.568951 0 0 
3 3 1250.0034 2356.1093 2.1667 4 0.222222 0 0 
2 3 363.4551 394.0480 1.0000 3 0.000000 1 0 
2 1 232.4173 258.7646 0.5000 3 0.945419 1 0 
9 1 2087.8897 8913.0401 5.2000 6 0.651968 5 0 
2 3 448.6783 615.9030 1.0000 3 0.082474 0 0 
48 6 9475.1199 30294.6226 31.8235 12 0.968877 17 0 
19 15 11449.5488 19589.1996 12.7095 8 1.837822 4 0 
21 9 6257.7637 28941.6746 13.3554 15 1.081901 4 1 
1 1 301.4669 301.4669 0.0000 2 0.000000 0 0 
2 2 4116.9323 8222.0335 0.5000 3 0.000000 1 0 
6 7 3100.4219 7145.9313 5.1667 6 0.586687 1 1 
1220 1251 550293.9645 749285657.5461 881.8201 648 63.191653 263 132 
4 6 996.3909 1782.0241 0.9444 4 0.033898 0 0 
22 6 161657.4094 283838.9786 32.8391 17 0.304802 6 1 
50 27 62500.2051 304233.4713 38.1522 24 1.084342 6 4 
2 3 11374.1345 11521.7820 0.3333 3 0.000000 0 0 
3 8 532.3054 1017.5043 0.3333 4 0.083333 1 1 
7 9 8337.7611 16980.9572 3.5937 7 1.038462 1 2 
121 55 171020.1622 4452240.8776 115.4540 60 5.467032 14 0 
2 2 4046.7951 4377.0502 1.0000 3 0.000000 0 0 
3 4 233.6048 343.6503 1.3000 3 2.333333 0 0 
11 10 17468.7861 38215.1493 6.4872 9 1.719952 4 1 
45 41 31663.0378 210686.4620 30.0649 26 3.426718 30 21 
35 10 150418.3183 501917.8951 23.4901 13 0.333333 1 0 
5 6 1444.8955 1493.1998 1.8381 4 0.624003 3 3 
8 14 22499.7261 27385.3130 3.0747 7 0.684575 6 7 
12 11 24642.0914 74117.1048 4.5220 11 1.791089 1 0 
20 11 44436.0861 163021.8013 20.8324 14 1.223783 2 0 
10 6 10897.3832 24404.4597 6.1333 10 1.540983 3 1 
5 4 1941.4901 2902.2452 1.8706 5 0.000000 1 2 
5 4 2000.3755 6266.9968 1.7929 5 0.520408 1 0 
58 71 212881.7432 2097451.1647 25.8921 33 1.840878 30 9 
447036 133120 639558.9654 6462132828411.7510 2916028.7007 52315 4272.891748 44949 13449 
5 6 1455.9047 3234.3616 1.1190 5 0.720283 1 0 
5 7 3875.5836 11589.9946 2.0238 4 0.247273 2 0 
3 14 3406.4191 5544.7588 0.3333 4 0.000000 1 2 
1 1 38.5360 38.5360 0.0000 2 0.049180 1 1 
765 673 552749.6025 336714591.2499 796.0591 320 20.284011 135 45 
2 1 1690.3715 2037.8073 1.0000 3 0.000000 0 0 
6 10 3018.1894 6675.6087 2.2489 5 0.590564 0 1 
1 1 7.7202 7.7202 0.0000 2 0.000000 1 0 
2 2 5.7085 6.0013 1.0000 3 0.083333 2 0 
9 10 23486.2789 30456.5957 3.5611 8 0.245791 3 0 
6 2 5424.9611 16336.1841 12.5000 7 0.163333 0 0 
1 1 394.7385 394.7385 0.0000 2 0.000000 0 1 
4 6 23471.5800 42338.9492 1.0667 5 0.353535 0 0 
3 3 3818.7186 4133.8755 0.5833 4 0.000000 0 0 
2 2 8221.6245 9391.0754 0.5000 3 0.000000 0 0 
61274 44647 636675.1162 574121137698.7942 406398.1775 21161 1634.983230 14905 5234 
6 6 1366.0125 6066.6554 2.0845 6 0.214286 5 0 
3 3 595.5062 686.0501 2.0000 4 0.000000 2 0 
5 8 2364.2287 4433.7601 2.4746 5 1.108760 0 0 
47 42 40127.5086 168270.0778 22.2649 24 3.565397 9 5 
697 738 535544.8266 244028493.0453 569.8609 438 44.138247 201 109 
5 10 3665.2561 4816.0124 0.9917 6 0.526316 3 0 
1 1 2553.2347 2553.2347 0.0000 2 0.103586 0 0 
2 2 2247.1786 2377.4247 0.5000 3 0.000000 0 0 
11 5 23761.9896 55555.2840 14.0833 10 1.700968 2 2 
7 8 4799.8187 10285.1101 6.3488 6 0.022472 0 0 
1 1 369.8604 369.8604 0.0000 2 0.036585 0 0 
27 12 7038.4889 35374.6100 17.8879 16 3.859459 3 1 
3 1 239.0358 425.6073 0.8333 4 0.439560 2 0 
8 7 4587.1309 6292.0051 4.2890 6 0.000000 3 1 
3 8 4770.7475 6832.9937 0.6667 4 0.004329 0 0 
17 6 8541.6112 18227.4074 9.8801 10 0.676007 10 0 
11 11 5198.8392 12279.7340 6.5663 7 1.460793 6 1 
568 439 546654.5907 204098290.9156 455.0824 287 25.292699 100 38 
2 2 279.5862 301.0724 0.3333 3 0.027027 1 1 
536 551 537474.0957 78466739.0725 426.4336 304 21.459788 145 65 
3 4 6792.8005 10499.6869 0.5333 4 0.125000 0 0 
3 4 7280.3583 7798.8590 0.6190 3 0.117647 0 0 
4 6 6552.1221 11351.3429 1.0667 5 0.000000 0 0 
4 10 8668.8244 17272.7819 0.9222 5 0.006757 1 0 
1 1 369.9745 369.9745 0.0000 2 0.000000 0 0 
2568 1863 526230.3773 176979081.8073 2556.6155 583 30.280594 1181 439 
1 1 76.9883 76.9883 0.0000 2 0.000000 1 0 
1 1 34.9141 34.9141 0.0000 2 0.118644 1 1 
2 1 1495.3851 1620.8962 1.0000 3 0.769980 0 0 
1 1 1467.4344 1467.4344 0.0000 2 0.764706 0 0 
19 11 79906.9750 431545.5577 12.1397 14 1.754265 3 1 
4 3 748.0594 1207.0933 1.2333 4 0.850998 0 0 
2 3 484.6006 637.4455 0.3333 3 0.000000 0 1 
169 16 96902.3620 209275.6551 117.9647 37 5.005963 89 1 
10 20 18774.5687 36043.8552 5.4637 7 1.087370 1 1 
23 16 82398.7513 501710.9614 15.5673 17 0.343143 4 1 
2 3 2104.7926 4209.5221 1.0000 3 0.000000 0 0 
5 10 9581.2825 17625.7561 0.9881 5 0.210526 2 1 
1 1 864.5790 864.5790 0.0000 2 0.058824 0 0 
5 3 473.2479 1670.3016 2.9286 5 0.494145 1 1 
2 3 74.6603 80.8384 0.2500 3 0.472222 2 0 
45 46 23539.5927 91120.2001 21.7218 18 1.563798 34 10 
6 9 3802.1768 5745.0409 1.9361 6 0.321678 3 1 
469 631 551344.3824 90022734.4205 260.7199 296 15.747059 118 96 
15 28 26236.0550 107000.2998 10.6443 16 0.000000 0 0 
2427 808 545713.4244 213345126.4460 2147.5001 429 22.965171 851 42 
15 17 100823.5978 181735.4558 14.1726 14 1.875775 3 3 
20 19 33273.0797 135997.8306 16.7164 13 1.202727 2 0 
1 1 115.9175 115.9175 0.0000 2 0.000000 0 0 
8 6 315.2975 804.4934 4.5333 6 1.391704 4 0 
4 2 102.7158 132.4701 1.6667 4 0.000000 4 1 
9 13 4050.6062 7387.0248 3.6505 6 0.337313 2 0 
2 5 102.7324 177.9212 0.6667 3 0.533333 1 1 
5 6 1637.2194 2767.1421 1.0135 5 0.176103 1 2 
25 4 18720.7431 52532.0466 28.7376 14 2.957632 5 0 
1 1 2157.5435 2157.5435 0.0000 2 0.000000 0 0 
1 1 55.4932 55.4932 0.0000 2 0.335664 1 0 
6 8 7892.9132 25593.1771 1.7750 7 0.000000 0 0 
3 3 5312.0481 5320.4356 0.6167 3 0.000000 1 0 
5 8 6390.5817 8798.7674 1.3381 5 0.269767 1 4 
10 13 6625.8584 12023.2327 4.9006 6 1.165304 1 1 
1 1 47.8077 47.8077 0.0000 2 0.029412 1 0 
7 1 590.0007 1283.0700 3.5000 5 0.445122 1 0 
7 12 3159.7026 6788.4010 15.3333 8 0.000000 4 1 
1 1 571.5491 571.5491 0.0000 2 0.000000 0 0 
1 1 1237.4157 1237.4157 0.0000 2 0.000000 0 0 
11 6 53245.9663 104536.7898 4.4008 8 0.166667 1 2 
1 1 494.4162 494.4162 0.0000 2 0.000000 0 0 
2 3 980.4178 1062.1349 0.7000 3 0.026506 0 0 
9 21 7624.6039 14346.0268 2.8171 8 1.668585 2 2 
1 1 458.8105 458.8105 0.0000 2 0.000000 0 0 
1 1 29.7372 29.7372 0.0000 2 0.000000 1 1 
6 8 7885.8460 9987.6521 1.7611 6 0.209988 3 2 
72 61 77305.5616 405882.6036 37.4575 22 2.230223 4 1 
1206 782 419200.5189 171840780.2224 848.9557 420 43.051422 225 124 
5 2 6310.8985 10047.2846 3.6190 5 0.461538 0 0 
8 4 2749.4658 10595.3691 3.9262 7 1.607372 1 1 
2 5 42.2958 76.4937 0.2500 3 0.142857 2 1 
4 2 1672.1064 2151.9990 1.6667 4 0.653490 1 0 
10 4 310.4427 946.1694 4.9333 5 2.464774 6 0 
2 3 1980.1458 2974.2309 0.3333 3 0.000000 0 0 
1 1 24.4202 24.4202 0.0000 2 0.000000 1 0 
6 5 702.0367 1929.4612 2.6524 6 0.000000 5 0 
13 9 12076.8823 28617.3540 6.0437 8 0.566696 0 0 
5 5 4524.9988 17024.0040 2.8333 5 1.854529 0 0 
91 114 238709.3926 1718491.7006 109.8148 65 1.778051 42 32 
1 1 1559.7274 1559.7274 0.0000 2 0.000000 0 0 
40 23 56387.1118 364981.9987 22.1773 23 4.704402 5 1 
4 1 8381.3531 15039.6588 1.7333 4 0.187500 0 0 
3 4 161.6602 242.8692 1.3000 3 0.000000 1 1 
2129 1872 503941.1359 973460346.5055 1891.8374 905 87.291175 740 207 
4 5 4723.0182 6399.4290 1.1167 4 0.338235 1 0 
4 9 51417.0603 72737.4413 4.0000 5 0.073529 0 0 
108 16 49189.7652 268008.5319 81.2887 38 2.722451 81 2 
4 4 1015.8741 1615.5931 1.1667 4 0.363636 1 0 
1 1 125.7956 125.7956 0.0000 2 0.000000 0 0 
3 2 3700.5500 3744.8691 0.7000 3 0.778752 1 0 
96 45 63592.1692 295064.7612 67.4797 31 4.230703 21 14 
6 5 693.3940 1023.0152 2.3468 5 0.555930 3 2 
26 16 94322.9376 373811.0111 20.2073 19 0.321144 0 2 
1 1 222.6970 222.6970 0.0000 2 0.000000 0 0 
11 10 2690.7661 7575.9091 5.0499 9 1.195531 3 3 
2 3 332.5096 623.2318 0.5833 3 0.428571 0 0 
20 36 24682.8194 55030.6234 8.7494 15 0.890066 4 5 
3 2 1628.0674 1786.2271 0.7500 4 0.000000 2 0 
7 15 3241.3372 7067.1954 1.7254 5 0.133068 0 0 
2 2 2064.1812 3331.3474 0.5000 3 0.253968 0 0 
1 1 47.7601 47.7601 0.0000 2 0.000000 1 0 
5 9 21.9959 51.5070 1.1465 5 2.600000 5 0 
4 7 4034.6101 7140.3990 1.0833 4 1.025952 0 0 
8 4 23453.1372 69230.9148 9.1190 9 0.000000 0 1 
4 6 3427.6928 5306.5952 0.8845 4 0.562865 0 0 
2 5 5289.2813 6867.7434 0.9167 3 0.000000 0 0 
2 3 4210.8922 4604.2503 1.0000 3 0.000000 0 0 
10 11 29606.6449 91453.3437 8.9339 10 1.067736 1 0 
26 27 74751.3233 117026.2690 10.9747 14 0.145455 7 6 
6 2 4101.0861 9818.9278 11.6667 7 0.831547 0 0 
9 17 411.2470 1455.0479 4.4945 8 0.333333 8 6 
3 4 3348.5005 5293.2885 1.6667 4 0.233130 0 0 
6 9 30446.5138 122566.5545 2.1361 6 0.000000 4 0 
5 3 37.8717 59.2459 1.6333 4 0.632868 5 0 
4 4 505.2996 761.9533 1.1167 5 0.000000 2 1 
6 1 691.6691 1153.0831 3.0500 5 1.279632 1 0 
40 22 60514.6451 174728.8897 50.5757 20 0.830806 12 1 
33 23 7266.8959 26407.6399 18.1733 15 1.446996 9 2 
3 3 10.2316 15.4800 0.6000 3 0.230769 3 1 
14 14 34669.7790 109616.6337 7.7124 12 0.622378 2 0 
2 2 1301.9811 2505.2827 0.5000 3 0.000000 0 0 
6 7 2496.0577 3068.6820 2.8250 7 0.145719 4 2 
5 7 26305.6014 40862.8239 2.0333 5 0.184314 0 1 
1 1 184.9277 184.9277 0.0000 2 0.124361 0 0 
12 17 85180.0692 106596.9693 7.7419 13 0.250000 1 2 
3 3 4536.6831 8851.6328 0.6000 3 0.034483 0 1 
11 7 52430.5647 61893.4276 5.1974 7 1.721123 1 1 
4 6 110.7975 251.8847 6.0000 5 2.283163 4 0 
1 1 712.0243 712.0243 0.0000 2 0.692308 0 0 
1 1 1518.2046 1518.2046 0.0000 2 0.000000 0 0 
2 3 784.0219 929.7443 0.3333 3 0.000000 0 1 
1 1 15.8551 15.8551 0.0000 2 0.177419 1 0 
13 10 12219.1665 18904.1290 11.7079 8 0.942256 5 2 
7 6 7563.5741 30851.1401 3.7143 7 0.179739 0 0 
2 2 4849.5264 5383.8096 0.3333 3 0.000000 0 0 
2 3 123.3059 160.4092 1.0000 3 1.076923 2 1 
2 3 1734.8669 1781.6653 1.0000 3 0.000000 1 1 
3 1 225.2544 342.3826 0.8333 3 0.285714 1 0 
1 1 121.8458 121.8458 0.0000 2 0.000000 0 0 
13 5 1861.2436 4966.9125 7.1464 11 1.723029 6 0 
2 2 633.9355 900.5177 0.5000 3 0.000000 0 0 
3 1 3567.0494 4801.4751 0.8333 3 0.454795 0 0 
5 4 16686.7159 25564.8334 1.8190 4 0.000000 0 0 
13 5 20007.3335 52360.6321 8.7886 8 1.378238 2 0 
9 16 18218.6583 77734.8649 2.9802 10 0.473110 3 1 
6 9 97.9390 126.6046 2.7000 4 0.696079 6 0 
2 5 6486.0283 12440.3075 0.3667 3 0.000000 0 1 
16 4 3583.6838 18624.7493 13.0553 9 1.469879 5 0 
13 6 25283.8649 35509.3276 6.7381 11 2.466092 2 0 
1 1 413.2260 413.2260 0.0000 2 0.000000 0 0 
3 4 42.3416 48.6043 0.5429 3 0.000000 3 1 
2 2 150.2823 194.3001 0.3333 3 0.000000 1 1 
2 3 134.2056 225.4961 0.3333 3 0.140280 1 1 
5 6 802.5445 1817.8548 1.1262 5 1.066110 1 2 
4 5 936.6388 2417.8065 1.6667 5 0.000000 1 0 
760 705 356318.8454 180871802.5290 574.7672 427 33.403041 207 78 
6 4 188.6174 388.2244 2.8131 5 1.031250 5 1 
2 2 30698.9014 30816.5169 0.5000 3 0.014286 0 1 
4 6 3174.8108 5082.7181 2.0095 5 0.267442 1 0 
2 3 552.0656 571.7503 0.6667 3 0.000000 0 0 
7 2 7839.5199 13257.8505 3.2500 5 0.000000 0 0 
5 6 562.8971 593.5952 2.8000 5 0.483437 4 1 
62 65 16879.6114 67331.2800 47.0671 20 1.870582 15 6 
4 2 112.0970 182.4069 1.2833 4 0.038961 4 0 
2 2 505.3740 1010.0454 0.5000 3 0.025641 0 0 
7 6 1813.8685 8002.9099 9.2303 7 0.050000 1 1 
1 1 713.9149 713.9149 0.0000 2 0.050000 0 0 
20181 8237 636771.6965 34593788164.7871 27916.7299 3902 190.400224 4259 442 
2 2 3004.8806 3196.9390 1.0000 3 0.250000 0 0 
1 1 1822.9883 1822.9883 0.0000 2 0.000000 0 0 
7 6 13542.9674 31434.0540 1.9929 7 0.718466 1 2 
3 3 18692.2883 27136.9733 0.5833 4 0.000000 0 1 
3 1 3.5255 4.4424 0.8333 3 0.000000 3 0 
9 5 1006.0232 2276.1403 7.6045 7 0.060241 4 0 
3 1 261.4317 312.3651 0.8333 3 1.974006 1 0 
1 1 1823.4727 1823.4727 0.0000 2 0.000000 0 0 
2 2 774.0302 1493.4682 1.0000 3 1.000000 0 0 
3 5 7279.0941 8404.4139 0.5000 4 0.125000 0 0 
8 17 4464.3982 11614.3171 3.5347 8 1.027027 3 3 
9 4 17517.5160 33961.8750 6.3179 7 0.000000 0 0 
20 36 6911.4956 15534.8159 8.0594 12 0.467666 13 16 
2 2 1525.8431 2148.0828 1.0000 3 0.000000 0 0 
4956 987 563684.6557 316624372.4418 7827.2228 687 36.167110 2128 55 
2 4 13089.5794 15639.1391 0.2500 3 0.166667 0 0 
12 9 2717.1011 5456.8523 5.1989 7 1.740523 3 2 
2 1 17070.9846 17166.1364 1.0000 3 0.000000 0 0 
4 3 30747.9195 32899.8459 1.5833 4 0.500000 0 1 
9 9 17165.0797 38884.1660 15.2167 9 0.155059 0 0 
9 11 11885.1118 21778.8841 5.0376 8 0.797436 3 2 
1440 1201 599104.2428 669003448.3726 1074.9238 719 72.924452 315 114 
4 3 593.0120 870.8693 1.1500 4 0.601957 1 0 
1 1 185.2638 185.2638 0.0000 2 0.000000 0 0 
6 3 94.0673 136.7835 2.2000 4 0.751602 6 1 
7 10 423.5632 594.7468 4.7857 5 0.516945 4 8 
24 12 12722.1221 15171.4855 18.7099 10 2.603441 12 2 
2 3 6323.4265 8129.0863 1.0000 3 0.000000 0 1 
53 56 61418.4725 698585.3321 30.8993 44 3.298843 9 3 
7 7 14659.7949 16176.4089 2.5369 6 0.852180 1 0 
19 28 32557.7695 96935.9808 9.7897 14 0.872560 4 7 
15 6 5462.3483 13981.9065 8.6413 11 1.128933 10 1 
1 1 1112.0645 1112.0645 0.0000 2 0.000000 0 0 
19 24 47182.6652 172982.4541 7.6667 19 0.687387 0 1 
13 10 8407.4178 23212.4990 5.8675 11 1.254014 5 2 
4 1 579.5762 831.0981 1.7333 4 0.060606 1 1 
5 9 10758.9999 11923.9783 2.1652 5 1.170429 0 0 
4 4 685.9834 1668.5523 1.0595 4 0.444337 1 0 
14 1 87535.7894 185440.2683 9.0889 8 0.192850 0 0 
10 14 123655.2229 168115.7765 3.3962 8 0.235132 4 3 
1 1 65.0358 65.0358 0.0000 2 0.000000 1 0 
7 3 23884.8710 36411.3951 2.8929 6 0.484848 0 0 
1 1 7.4892 7.4892 0.0000 2 0.021739 1 0 
10 7 315.2739 778.7450 4.4121 5 3.419539 5 2 
81 28 353642.7158 1029072.2526 57.1067 30 5.311522 16 4 
16 11 14726.7056 32406.4680 11.0222 8 2.077138 4 0 
89 33 152099.3531 1101637.9278 69.9051 43 3.970558 17 2 
4 2 4966.1456 5332.9164 1.6667 4 0.311111 1 0 
3 4 331.0595 727.0980 1.8667 4 0.068182 0 0 
3 2 111.9812 122.0593 1.0000 3 0.100000 3 0 
9 22 19084.1531 31238.5708 3.8905 7 0.222673 4 1 
4 8 2570.1952 3904.6767 0.9354 4 0.500000 2 1 
1 1 9.2006 9.2006 0.0000 2 0.000000 1 0 
4 5 3448.6126 5256.8250 2.5000 4 1.666667 2 0 
9 13 43739.0739 75907.1504 7.2268 9 1.885003 0 0 
3 6 16648.5621 34446.4709 0.4167 4 0.023810 1 0 
2 1 4236.0495 4422.7154 1.0000 3 0.000000 0 0 
13 7 26964.6483 84392.7427 6.3151 10 1.561717 3 0 
5 3 9548.3147 20028.9233 3.5833 5 0.000000 1 0 
8 3 232.7280 446.9565 3.6762 5 0.689375 8 1 
4 7 2959.6783 4630.8212 1.1917 4 0.634921 2 1 
3 1 1249.2908 1663.8344 0.8333 3 0.071429 0 0 
1237 1116 491012.9481 482731206.5784 1282.3600 654 58.375124 376 138 
634 395 514406.8042 55281912.6438 452.8217 267 22.073236 171 43 
1 1 90.3229 90.3229 0.0000 2 0.000000 0 0 
4 3 2607.4915 2902.0932 2.1667 5 1.500000 2 1 
14 11 4106.4815 9129.4883 7.6436 9 0.732087 5 1 
2 4 2128.5918 2390.6890 0.5000 3 0.000000 0 0 
2 2 14.3303 16.8583 1.0000 3 0.000000 2 0 
1 1 1548.6522 1548.6522 0.0000 2 0.000000 0 0 
2 1 317.7708 550.6391 0.5000 3 0.000000 1 0 
1 1 8595.6823 8595.6823 0.0000 2 0.000000 0 0 
3 2 424.5956 591.7036 0.7333 3 0.616884 0 0 
2 3 505.7499 511.8210 0.3333 3 0.000000 1 0 
1 1 483.3939 483.3939 0.0000 2 0.000000 0 0 
5 4 513.0095 809.6112 1.7667 4 0.156780 1 0 
3 2 1937.0247 2049.7365 0.7333 3 1.595517 0 0 
2 1 112.5234 130.7689 1.0000 3 0.000000 2 1 
4 2 302.1466 653.1393 1.6667 4 1.948760 1 0 
10 14 710.5492 2153.8820 3.6995 8 0.009346 4 4 
8 2 3016.2085 4930.8240 5.2476 6 0.896240 0 0 
6 11 18440.6638 40683.4874 1.3333 7 0.051720 0 0 
12 12 4439.5203 14862.2809 10.6821 10 1.315054 5 2 
2 2 925.5887 1277.9283 0.5000 3 0.000000 0 0 
20 7 2870.3274 14878.1832 12.0238 8 2.337521 7 0 
16 12 590.6333 1494.0829 10.5365 8 0.392314 11 0 
10 3 3194.4874 7708.9557 9.5429 7 0.244932 0 0 
2 2 1646.1623 2156.4156 0.3333 3 0.363636 0 0 
11 4 14225.7220 18057.3498 9.2778 9 1.460554 7 0 
10 2 80965.2850 132308.8211 28.4333 11 0.333333 0 0 
10 14 13150.9073 36362.5153 3.9671 7 1.541667 1 0 
9 10 7535.7749 20621.5486 4.7393 8 1.123208 1 1 
4 1 152.9696 245.9669 1.7333 4 0.296925 4 0 
3 2 870.0343 928.9944 0.7000 3 0.166178 1 1 
2 3 6550.6290 7704.7835 1.0000 3 0.000000 0 0 
2 3 3524.8997 3526.7059 0.3333 3 0.000000 1 1 
18 13 135.3804 523.5187 9.3788 9 0.867683 18 4 
26 21 7778.3304 22674.0382 14.1367 9 0.462163 12 5 
2 3 112.7979 165.2956 1.5000 3 0.000000 2 3 
7 8 13269.9760 21837.9721 3.9738 6 0.639204 2 0 
1 1 1250.5067 1250.5067 0.0000 2 0.000000 0 0 
2 2 10967.2800 12740.4412 1.0000 3 0.748899 0 0 
5 6 9068.3668 17449.6768 1.4595 5 0.458543 3 0 
1 1 1356.6729 1356.6729 0.0000 2 0.000000 0 0 
6 3 5874.6176 12485.6295 2.2524 4 0.665855 1 0 
3 3 144.3289 287.5193 0.9000 3 0.435897 1 2 
3 1 1967.6039 3931.6561 0.8333 3 0.363636 1 0 
6 6 298.7214 523.8606 4.7762 5 0.404930 5 0 
15 21 4486.1840 11623.1151 8.7212 9 0.885714 11 3 
6 2 618.3193 1323.5802 2.4333 4 0.546917 1 0 
1 1 387.3807 387.3807 0.0000 2 0.000000 0 0 
5867 4472 606401.0061 7546316860.4449 26366.5825 1942 150.177523 2039 466 
2 2 231.8603 287.7127 1.0000 3 0.296362 1 0 
1 1 136.5472 136.5472 0.0000 2 0.000000 0 0 
2 5 5097.0882 5131.2565 0.4500 3 0.030303 1 0 
2 3 17354.5828 17797.5998 1.0000 3 0.000000 0 0 
2 3 1267.3007 1799.7136 0.5333 3 1.000000 0 0 
2 3 7709.8713 7734.8441 1.5000 3 0.561290 1 0 
173 108 125376.0479 3092792.6099 119.3428 73 5.202139 50 25 
7 2 7608.2749 12824.2148 5.6667 6 1.318364 1 0 
18 13 143350.6615 237719.0145 14.0953 12 1.415246 5 0 
22 40 74176.8661 182750.9882 7.6884 13 0.093307 5 4 
3 3 1167.7845 1692.1477 1.5333 4 0.614629 1 0 
32 35 29620.5039 113996.2190 24.9115 22 1.342467 10 7 
1 1 386.1155 386.1155 0.0000 2 0.090909 0 0 
1 1 161.9734 161.9734 0.0000 2 0.209302 0 0 
6 2 206.6229 510.6517 2.4333 4 0.726087 3 0 
57863 17452 634105.1876 289951386558.0596 319063.4205 11582 441.633790 23905 1965 
7 5 2165.3142 3673.9314 3.6012 5 0.389493 3 3 
4 9 2100.5354 3378.2114 3.0623 5 0.045506 1 2 
12 9 801.8491 2674.5047 6.0283 7 1.218750 2 1 
1 1 7.7604 7.7604 0.0000 2 0.000000 1 0 
1 1 186.1194 186.1194 0.0000 2 0.030075 0 0 
17 5 19720.7290 60975.8105 8.5349 10 0.126207 1 0 
9 9 19763.8073 37304.2224 2.2552 8 0.607598 0 0 
5 5 2803.1262 4109.5532 2.7222 5 0.644196 1 0 
2 4 6994.4390 8516.3321 0.2500 3 0.000000 0 1 
1 1 6510.4428 6510.4428 0.0000 2 0.444444 0 0 
2 3 13.6249 25.2920 0.5000 3 0.000000 2 0 
2 3 2982.0452 3189.8060 1.0000 3 0.000000 0 0 
1 1 24.4516 24.4516 0.0000 2 0.000000 1 1 
3 1 5256.1321 5739.5889 3.0000 4 0.000000 0 0 
1 1 2631.0843 2631.0843 0.0000 2 0.000000 0 0 
2 5 1931.6939 3717.2604 0.4167 3 0.038043 1 0 
2 3 1266.3901 1499.1858 1.0000 3 0.632198 0 0 
1 1 1195.2954 1195.2954 0.0000 2 0.020408 0 0 
1 1 644.8036 644.8036 0.0000 2 0.176471 0 0 
35 42 143656.3531 330603.1563 15.5697 17 1.118076 14 11 
4 1 4700.3847 5068.7521 1.7333 4 0.000000 0 0 
2 2 109.5556 208.0879 1.0000 3 0.000000 0 0 
5 8 10333.6856 15166.6785 4.0909 6 0.000000 1 1 
14 12 27212.4824 71773.1826 6.1505 9 0.791448 6 3 
11 14 8316.7415 26451.9874 4.8589 9 0.000000 0 0 
3 8 10322.7940 11640.4852 0.5000 4 0.000000 0 0 
2 3 1799.3514 1804.3856 0.3333 3 0.000000 1 1 
3 6 638.0355 991.8552 0.4000 4 0.000000 0 2 
5 10 356.1841 741.5260 2.0833 6 0.323529 2 2 
1 1 9380.8154 9380.8154 0.0000 2 0.000000 0 0 
4 7 397.6540 599.0452 1.5643 4 0.500000 3 2 
2 1 1512.6307 2546.1579 0.5000 3 0.666667 0 0 
7 8 4319.7320 10037.7981 3.6262 6 0.509571 0 0 
3 2 925.7647 1846.6913 0.7333 3 0.077861 1 0 
16 15 18623.3509 52848.5726 9.6268 13 0.462709 2 3 
17 19 6110.0106 19453.0061 7.7681 12 3.123035 4 7 
8 7 8525.4826 27266.2576 2.0667 9 0.621709 2 0 
1 1 169.7507 169.7507 0.0000 2 0.000000 0 0 
7 7 16197.0456 28982.4147 3.9167 6 0.351745 1 1 
6 5 5445.7635 8177.7395 5.9409 6 0.102976 3 2 
11 13 957.2062 2126.1861 3.8356 6 1.384955 4 4 
4 7 2902.3211 5655.8677 0.9500 5 0.500000 0 1 
15 19 100567.9394 336301.2094 18.0973 12 0.250000 3 1 
5 10 4470.1314 13909.7854 1.0952 6 0.078947 1 0 
2 3 1196.3962 1983.6623 0.7000 3 0.148387 0 0 
5 12 21998.2594 37598.5012 2.4167 6 0.000000 2 3 
3 3 128.9440 141.8922 1.5000 3 0.674825 3 3 
6 11 666.5465 2673.5581 2.2500 7 0.000000 3 5 
11 3 49985.1799 57118.3211 4.9238 7 1.000000 4 0 
1 1 437.3741 437.3741 0.0000 2 0.000000 0 0 
2 3 3643.4946 3668.9638 0.5833 3 0.000000 1 2 
1 1 1.8939 1.8939 0.0000 2 0.000000 1 0 
4 5 5199.2092 9015.5603 0.9262 4 0.000000 0 0 
3 5 66.7413 69.6366 0.5833 3 0.000000 3 0 
1153 1109 544230.3853 576936224.4833 875.7529 644 64.001264 202 112 
2 4 5.1734 7.5253 0.3333 3 0.000000 2 2 
2423 986 545392.1831 463658774.7348 2657.8097 621 36.370623 560 27 
1 1 339.9731 339.9731 0.0000 2 0.000000 0 0 
7 2 6902.1737 10340.3057 3.8762 5 0.821289 1 0 
6 12 22014.8764 72365.2172 2.1222 6 0.084746 1 1 
24 13 23709.1309 106699.2734 27.0063 19 0.302937 1 2 
2 5 141.3624 174.4629 1.0000 3 0.000000 2 0 
6 7 2926.8454 4796.9057 1.9762 5 1.082143 0 0 
15 23 19691.0004 52009.8108 14.5816 13 1.241879 2 3 
8 13 3523.0826 8815.2706 8.3425 8 0.860144 1 0 
2 3 5955.1518 7041.5729 1.0000 3 0.115132 0 1 
5 8 262.9772 471.5035 1.7500 4 0.639938 4 1 
3 5 8773.7356 13023.6537 1.1667 4 0.000000 0 0 
8 4 1065.1531 2225.6001 3.7222 5 0.147253 3 0 
6 7 2225.6632 4314.9001 2.7727 6 1.189360 0 0 
5 7 154.4962 218.9384 3.3500 5 1.125000 5 0 
12 13 2870.3089 7116.7796 4.1821 9 0.045455 1 6 
2 3 228.5862 245.9360 0.7000 3 0.812500 0 0 
2 2 2219.5350 2262.4125 0.5000 3 0.000000 1 0 
5 3 17645.1475 29892.5400 4.6429 6 0.333333 0 0 
444 191 105911.2445 2900151.2942 338.6517 126 4.803401 162 40 
3 1 800.2648 937.5181 0.8333 3 0.000000 0 0 
3 4 4320.5807 12817.1851 2.0000 4 0.000000 0 1 
4 4 10938.2463 42841.5466 3.3333 5 0.750444 3 1 
5 5 1517.4018 2142.3860 1.3524 4 0.470210 1 1 
1 1 143.1076 143.1076 0.0000 2 0.210526 0 0 
5 7 449.9860 685.4490 1.6794 4 0.058824 2 2 
4 1 2344.8377 2949.8071 1.7333 4 0.947222 1 0 
5 3 2105.3311 2977.5761 2.0714 4 0.114157 0 0 
12 5 8169.9187 17238.2399 9.2100 8 0.467488 0 1 
3 1 2153.5836 2799.1289 0.8333 3 1.000000 0 0 
11 12 8883.5396 19489.9630 4.7385 7 0.268185 1 0 
11 9 23509.3972 45278.8268 5.9470 9 0.541176 1 1 
1 1 282.6072 282.6072 0.0000 2 0.025000 0 0 
2 1 2194.8701 2639.3817 0.5000 3 0.062511 0 0 
4 9 1149.1580 1736.3098 0.9722 4 0.040000 1 0 
9 10 2429.4203 7746.9955 4.8349 6 0.503382 1 1 
4 7 413.3762 615.3018 0.9500 4 0.559758 1 3 
25 12 2097.3252 6556.3630 13.6187 12 1.164344 7 6 
12 6 26245.3385 66323.3862 16.7762 10 1.000000 2 1 
2 1 1037.7196 2055.1800 0.5000 3 0.186047 1 0 
21 22 15820.2348 81845.7665 7.9426 19 0.092968 6 2 
1 1 1671.2219 1671.2219 0.0000 2 0.058824 0 0 
14 15 14516.6261 43967.5567 15.2607 13 0.123963 8 1 
7 12 43812.0542 135766.0121 1.3667 8 0.272727 1 1 
15 15 49763.5752 106344.1913 16.8569 12 2.923529 2 0 
9 7 8675.9157 9197.4571 3.8750 7 0.955328 8 1 
2 1 522.1270 976.7396 1.0000 3 0.000000 0 0 
1 1 242.0118 242.0118 0.0000 2 0.000000 0 0 
1 1 1123.7757 1123.7757 0.0000 2 0.071429 0 0 
17 11 8113.2056 32009.8459 6.5001 11 1.045813 2 2 
5 7 227.5455 291.8142 2.6750 4 0.503623 4 1 
2 6 104.4555 132.9288 0.2000 3 0.000000 2 1 
37 36 53937.5736 81336.4546 22.8511 18 3.348351 18 15 
6 6 4116.1364 8053.2636 1.8440 5 0.416712 1 1 
3 4 1299.8958 2589.1636 1.0000 4 0.000000 2 2 
526 494 399059.5062 94011977.2694 381.1589 297 34.211839 140 43 
8 7 4200.3578 5088.5918 4.1302 6 0.118051 4 0 
12 9 53382.9749 94704.8360 5.0676 7 1.098341 0 1 
7 8 572.7062 1184.6557 4.3750 5 0.976683 1 4 
6 4 948.3140 1969.3420 2.3000 4 2.994871 1 0 
19 33 33124.2226 140342.7939 7.6137 14 1.197370 3 4 
3 5 1209.8379 1537.2805 1.1333 3 0.153509 0 0 
3 3 18.2689 23.4487 0.9000 3 0.329940 3 3 
24 9 4129.0734 13922.6306 14.0467 10 0.847141 11 0 
3 2 3135.7404 4234.8182 3.0000 4 0.614828 0 0 
43 56 138595.5281 362765.6902 23.4089 25 2.144920 18 8 
13 9 3317.9183 4906.5958 6.0855 7 0.330963 2 2 
7 4 4223.2385 8585.1069 2.7440 6 0.918549 2 1 
1 1 161.6852 161.6852 0.0000 2 0.200000 0 0 
4 4 4593.0986 9722.8896 1.4167 5 0.000000 0 0 
45 61 66020.5046 396103.7472 23.7014 31 3.684666 6 16 
1 1 1506.3226 1506.3226 0.0000 2 0.000000 0 0 
4 4 325.5105 504.1305 0.9833 4 0.764706 3 1 
33 25 38688.4538 84329.0935 21.1099 17 6.860304 9 3 
2 2 1826.2262 2771.4699 0.7500 3 0.290000 0 1 
14 2 8526.5656 14629.1518 8.6206 8 0.591069 3 0 
7 13 428.1058 839.6085 5.9652 6 0.142857 4 4 
4 7 1912.6456 2960.5536 1.4556 4 0.348827 0 0 
2 2 567.4892 799.7591 0.3333 3 0.090909 0 0 
7 3 7078.4112 7736.1677 4.6024 6 0.016393 3 1 
47 63 53354.2129 382728.2775 25.5016 23 7.925187 39 23 
4 8 7308.4227 15910.4903 0.9345 4 0.531977 1 0 
4 3 5242.4300 10562.4646 1.4000 4 0.000000 0 1 
3 4 25.3719 36.5660 0.6190 3 0.571429 3 0 
21 30 99656.5747 535955.1509 11.7241 16 1.058363 6 3 
1 1 219.7873 219.7873 0.0000 2 0.000000 0 0 
1 1 819.3418 819.3418 0.0000 2 0.333333 0 0 
1 1 21.4962 21.4962 0.0000 2 0.000000 1 0 
1 1 1516.1169 1516.1169 0.0000 2 0.000000 0 1 
22 19 22205.1950 83641.6957 10.2483 13 1.650737 0 1 
5 8 3064.9204 4738.8240 2.7436 5 0.000000 1 1 
2 3 747.7651 838.2100 0.2500 3 0.000000 0 0 
1 1 2628.5132 2628.5132 0.0000 2 0.000000 0 0 
1 1 60.7530 60.7530 0.0000 2 0.000000 1 1 
40 3 1422.3331 5375.6750 27.0083 11 2.250860 16 0 
4 1 1095.9521 1748.6340 1.7333 4 0.610714 3 0 
5 6 401.4856 1106.2074 1.6270 4 0.100734 2 0 
3 1 344.1040 538.8606 0.8333 4 1.000000 2 0 
1 1 689.3649 689.3649 0.0000 2 0.611111 0 0 
5 7 1334.9073 1713.8943 1.1869 4 0.105264 1 1 
1 1 2095.5140 2095.5140 0.0000 2 0.000000 0 0 
1 1 269.0803 269.0803 0.0000 2 0.200000 0 0 
5 1 1574.9207 2358.9291 2.0667 4 0.889423 2 0 
5 8 7055.9206 8178.5881 1.1194 5 0.168224 2 2 
9 4 3074.3104 10814.6999 4.3762 9 0.129032 2 0 
4 1 2011.2117 3936.2007 2.2500 5 0.500000 1 0 
28 14 6322.7267 20716.3592 15.2715 11 0.536066 21 2 
5 5 1152.6757 1994.4089 4.2250 6 0.633433 1 0 
1 1 142.1102 142.1102 0.0000 2 0.000000 0 0 
5 7 517.5027 871.3877 2.2540 6 0.000000 2 3 
3 6 108.9955 214.4715 0.7619 3 1.250000 1 1 
31 25 5841.4209 26203.5389 38.6362 19 2.462814 13 11 
2 5 882.8712 1186.4173 0.6500 3 0.046512 0 0 
13 1 25814.2157 93894.3815 10.0881 10 1.011905 0 0 
7 8 1941.6432 4839.2897 9.1095 8 0.000000 2 6 
25 5 4335.5789 14601.6158 15.3429 10 1.702813 3 0 
197234 23461 637057.7154 469067007244.6928 450387.0688 18089 964.974854 38740 1248 
550 357 342522.1937 41384581.5900 380.5197 212 10.597241 238 43 
4 1 708.3373 1119.8797 1.5333 4 0.599121 0 0 
1 1 8822.9256 8822.9256 0.0000 2 0.000000 0 0 
3 2 994.6585 1392.9399 0.7333 3 0.162579 0 0 
6 8 4664.8852 13527.4286 3.2579 6 0.256410 1 0 
2 1 14.0746 21.9239 1.0000 3 0.000000 2 0 
48 32 24880.4471 50100.4973 25.1506 17 0.745022 21 2 
6 16 6179.4724 14772.4608 1.7500 7 0.331169 0 0 
2 3 2126.0231 2699.1717 0.3333 3 0.000000 0 0 
1 1 4.9775 4.9775 0.0000 2 0.000000 1 0 
47 13 11430.5489 43011.2182 30.4750 15 4.426194 21 1 
2 1 945.9426 954.9131 0.5000 3 0.000000 0 0 
17 25 9750.1459 53074.5463 4.3480 16 0.441667 7 6 
13 18 16677.8846 74424.4867 7.5492 13 1.123095 3 2 
1 1 706.6578 706.6578 0.0000 2 0.000000 0 0 
3 4 430.0625 450.2006 1.3000 3 0.192628 1 0 
6 10 9441.5350 25670.6023 3.6607 7 0.000000 0 2 
2 2 1344.8638 1736.5651 0.5000 3 0.000000 0 0 
4 4 1787.0930 2751.4417 1.1917 4 0.145881 0 0 
13 17 12996.3533 32974.7180 9.9022 10 0.435722 2 1 
2 4 635.8438 1032.4956 0.2000 3 0.000000 0 0 
2 1 1445.2830 2486.3245 0.5000 3 0.000000 0 0 
2 2 149.9364 185.3869 0.3333 3 0.250000 1 1 
1 1 26.6196 26.6196 0.0000 2 0.000000 1 0 
3 4 3522.6178 4262.4905 1.3000 3 0.000000 0 1 
2 1 1611.8700 1627.1627 1.0000 3 0.000000 1 0 
12 10 5083.3741 16539.2526 11.2844 10 0.568132 3 4 
4 3 7014.6232 9418.3127 1.8667 5 0.454545 2 1 
67 11 4747.3105 39680.3100 89.5831 26 10.618190 25 2 
1 1 172.7216 172.7216 0.0000 2 0.000000 0 0 
7 10 18032.2482 40665.5985 2.2063 8 0.558511 0 1 
7 8 1353.2956 3009.8706 3.4111 5 0.831271 1 3 
8 3 12992.7482 16695.1147 3.3595 7 0.160666 5 0 
10 16 10248.3508 33803.7684 3.3532 11 0.005780 0 4 
2 5 922.4707 1241.7504 0.5000 3 0.313043 0 0 
2 2 4040.4466 4384.3525 1.0000 3 0.000000 0 0 
1 1 540.6172 540.6172 0.0000 2 0.000000 0 0 
2 2 6371.0505 6591.2896 0.7500 3 0.025974 0 1 
11 24 16869.3529 43162.9718 4.9411 9 0.200506 3 2 
4 6 44149.8603 69317.5879 6.0000 5 0.386112 0 0 
1 1 68.0520 68.0520 0.0000 2 0.000000 1 1 
3 8 360.3985 484.9708 0.3333 4 0.055556 2 1 
7 3 2502.4536 4788.4811 3.1310 6 0.012658 1 0 
1 1 37.6062 37.6062 0.0000 2 0.000000 1 0 
1 1 232.7753 232.7753 0.0000 2 0.000000 0 0 
18 15 5194.2384 17303.6344 10.8004 10 1.765173 5 6 
2 5 1569.0745 2531.4115 1.0000 3 0.500000 0 0 
2 1 182.3762 186.7737 0.5000 3 0.081633 0 1 
2204 1290 615469.8889 1712139477.8357 2109.2265 719 27.732498 858 128 
3 6 16118.6748 16121.0856 0.5556 3 0.000000 1 0 
1 1 2516.1908 2516.1908 0.0000 2 0.000000 0 0 
3 3 896.2120 1359.1625 1.6667 4 0.170732 0 0 
14 10 24813.0161 113503.2755 14.1909 14 1.557178 6 2 
9 8 9096.9330 16392.9824 3.4623 9 0.047694 1 1 
15 10 4176.1389 10883.9576 9.1151 6 1.736905 6 1 
4 6 144.2692 206.1807 1.6976 4 0.590164 4 4 
2 5 272.1821 278.4928 0.2500 3 0.000000 0 0 
2 5 2565.5474 2582.7218 1.0000 3 0.000000 1 3 
1 1 715.9369 715.9369 0.0000 2 0.000000 0 0 
10 10 20239.6815 27556.7596 4.0163 9 0.111111 3 1 
10 11 10101.3964 25875.4195 9.8742 11 0.000000 2 1 
1 1 462.4714 462.4714 0.0000 2 0.000000 0 0 
4 6 1544.4297 2251.4127 2.2000 4 0.000000 0 1 
3 4 376.6370 718.1267 3.0000 4 1.000000 0 0 
2 3 1294.2253 1847.2980 0.5833 3 0.020000 0 1 
649 93 161285.8879 2754241.1324 485.3953 97 27.536805 201 15 
10 2 2468.3393 5609.1191 7.1389 7 1.789120 2 0 
6 1 48.0922 117.7400 2.7000 4 1.260257 6 0 
207 27 18799.7405 126582.3200 163.1839 51 5.231629 175 6 
2 3 1506.6419 2759.6561 1.5000 3 0.222222 0 0 
9 9 503.4093 735.2088 3.1873 7 0.152740 6 2 
23 7 3891.5525 9220.6655 13.5468 12 4.096424 10 1 
18 13 20888.3271 92059.3654 14.4164 13 0.072408 0 1 
1 1 254.8176 254.8176 0.0000 2 0.000000 0 0 
2 3 1873.1436 2039.6548 0.5000 3 0.000000 0 0 
1 1 19.0411 19.0411 0.0000 2 0.250000 1 0 
13 10 48696.7940 53252.1313 6.1534 9 0.383042 3 1 
5 7 2707.7318 9699.0170 1.2079 5 0.316547 1 2 
2 3 706.4135 1290.3947 0.5000 3 0.000000 0 0 
8 14 7860.3648 13183.8729 4.9139 6 0.372135 0 0 
2 3 249.4721 263.2724 0.3333 3 0.647475 0 0 
13 24 60274.4362 177096.2614 5.5183 11 1.352115 5 2 
5 4 2531.7444 5734.7970 1.9623 5 0.062683 0 0 
3 4 1383.8421 1490.1542 1.3000 3 0.384615 0 0 
18 14 107505.8863 181581.8827 9.7262 9 0.532604 2 0 
3 3 187.7673 530.6427 0.5833 4 0.000000 1 0 
3 3 266.8758 526.8546 0.6667 3 0.316316 1 0 
13 7 2082.0287 3766.9428 8.4966 10 2.504083 11 1 
5 8 10962.3634 22960.3556 0.9917 6 0.018182 0 1 
3 3 586.5520 946.4582 3.0000 4 0.000000 2 0 
3 4 37974.7173 37977.3052 2.3333 4 0.375591 2 3 
6 5 995.0251 1724.7800 2.4679 5 0.090909 2 1 
1 1 212.1971 212.1971 0.0000 2 0.000000 0 0 
1 1 235.8738 235.8738 0.0000 2 0.333333 0 0 
12 8 16506.5548 42015.8385 17.5181 10 0.325138 0 2 
8 6 7719.9459 15253.3884 3.4833 5 0.676068 2 2 
4 3 519.7445 1393.5293 1.9667 4 0.561576 1 0 
1 1 691.2688 691.2688 0.0000 2 0.000000 0 0 
1 1 6729.5133 6729.5133 0.0000 2 0.000000 0 0 
2 1 3090.8497 3584.8488 1.0000 3 0.000000 0 0 
1 1 15.5946 15.5946 0.0000 2 0.000000 1 1 
8 16 52506.0703 94448.8048 1.6806 9 0.000000 2 4 
1 1 19.5061 19.5061 0.0000 2 0.000000 1 0 
2 5 2262.6810 2268.0101 0.3333 3 0.083333 1 0 
55 15 45185.2520 157524.5251 58.8028 22 1.535374 8 3 
9 15 50839.9434 83608.3338 4.8171 9 0.502144 2 4 
2 5 3514.4973 3583.0245 0.3333 3 0.000000 1 1 
6 5 4406.4652 6500.6692 3.3000 4 0.058824 0 0 
2 3 6367.0575 6645.0072 1.5000 3 0.215686 0 0 
2 3 53.9320 67.7098 1.0000 3 0.272901 2 3 
15 23 15908.3305 71871.7554 14.9766 14 1.901350 2 2 
4 2 2197.2717 3448.5520 1.4500 4 1.364260 0 0 
2 2 2946.6975 3377.0359 1.0000 3 1.000000 0 0 
1 1 22.0956 22.0956 0.0000 2 0.000000 1 0 
14 14 15537.0623 37815.9866 4.7169 11 0.719008 4 0 
1 1 85.7644 85.7644 0.0000 2 0.644444 0 0 
11 13 19334.0924 35958.2156 5.5190 9 0.364286 7 1 
1 1 1063.1626 1063.1626 0.0000 2 0.000000 0 1 
3 5 7850.7920 8279.4820 0.5833 3 0.423267 0 0 
6 6 10180.4459 17565.2339 3.6774 6 0.345454 0 0 
12 19 20971.4620 31850.5070 4.0390 7 0.496559 5 4 
2 3 1444.4326 1674.7021 1.5000 3 0.000000 0 0 
88 46 97880.4780 409966.9165 62.6214 45 5.081333 27 5 
4 2 4407.0679 6340.6130 1.2833 4 0.546875 1 0 
3 4 15006.2025 22556.3885 0.5333 4 0.000000 2 2 
3 3 1699.2827 2552.3049 0.8333 4 0.184380 0 0 
1 1 865.1438 865.1438 0.0000 2 0.000000 0 0 
1 1 816.1962 816.1962 0.0000 2 0.000000 0 0 
4 5 87.8141 136.6333 1.7000 4 0.111111 4 3 
3 4 1112.6749 1329.8315 0.7333 3 1.303199 0 0 
6 7 56291.1696 92068.8091 2.0159 5 1.321970 0 1 
2 3 304.5706 385.5419 0.3333 3 0.020408 0 0 
11 5 124.3479 311.3425 5.4227 6 3.409166 11 1 
3 2 293.7445 307.1884 0.7000 3 0.013793 1 0 
3 5 3624.5784 5652.4089 1.6190 4 0.010638 0 0 
1 1 702.9206 702.9206 0.0000 2 0.000000 0 0 
6 4 847.8418 1904.8584 2.5095 6 0.333333 4 0 
11 15 13038.5109 55845.2012 2.6390 12 0.439759 1 0 
6 7 11775.0608 20166.7180 1.8107 6 0.066667 3 2 
14 8 19462.7163 34014.0481 6.4434 8 2.361027 3 1 
33 27 129015.2501 185283.3361 16.0415 18 3.650463 21 7 
1 1 2.6645 2.6645 0.0000 2 0.000000 1 0 
21 11 118445.7876 142893.9265 11.3247 11 1.370009 0 0 
4 1 278.6401 487.7655 1.5000 4 0.190823 2 0 
13 8 3715.8249 9429.3273 6.7635 7 1.732811 1 1 
9 19 1490.9853 3244.9354 4.2175 8 0.363444 3 4 
1 1 397.8166 397.8166 0.0000 2 0.344828 0 0 
6 15 2743.3562 12646.5275 2.4075 6 0.292404 5 8 
15 6 56.0595 111.6803 7.8921 6 0.942587 15 3 
5 5 9009.0773 14525.7277 2.2373 5 0.109932 1 0 
2 3 4271.5066 4283.5829 0.3333 3 0.000000 1 0 
3 3 3432.3638 5007.0721 0.5833 4 0.000000 0 1 
3 1 7948.1219 12011.6600 2.0000 4 0.050000 0 0 
3 10 687.2191 741.3902 0.8357 3 1.207882 1 0 
10 19 29619.6625 98277.5887 6.5731 11 0.496577 2 3 
2 2 10343.2967 18711.5526 0.3333 3 0.000000 0 0 
1 1 1.3072 1.3072 0.0000 2 0.000000 1 0 
2 1 6807.7948 8105.3320 1.0000 3 0.000000 0 0 
12 10 2082.6400 8973.1657 10.0250 8 0.808943 8 1 
711 929 569371.0680 396274270.9772 765.3747 449 33.362203 119 89 
5 8 2321.4266 4434.7564 2.3028 5 0.000000 0 1 
1 1 27.9530 27.9530 0.0000 2 0.000000 1 0 
5 10 3559.8410 8711.8095 1.0456 6 0.172401 1 0 
11 6 2180.7189 5712.4964 6.6969 8 1.739700 3 0 
4 5 7123.2747 7302.4983 2.4667 4 1.400000 1 2 
2 3 423.5072 530.9382 1.0000 3 0.000000 0 0 
3 4 63.5756 87.9899 3.0000 4 0.000000 3 1 
1 1 2.1984 2.1984 0.0000 2 0.000000 1 1 
5 8 1568.1741 2432.0395 1.6496 4 0.500000 0 2 
2 3 1069.4231 1096.2054 0.3333 3 1.000000 1 2 
1 1 3259.2903 3259.2903 0.0000 2 0.000000 0 0 
1 1 186.7620 186.7620 0.0000 2 0.000000 0 0 
1 1 38.7854 38.7854 0.0000 2 1.000000 1 0 
2 3 874.5201 1549.3208 1.0000 3 0.215686 0 0 
3 3 276.0738 348.5832 1.5000 3 0.866337 1 0 
3 2 173.9523 232.5653 1.0000 3 0.000000 2 0 
3 4 43.2810 51.6294 1.3000 3 1.406971 3 3 
2 5 960.0739 1020.9085 1.0333 3 0.000000 1 0 
6 10 723.5260 961.3341 2.0063 6 0.268680 5 6 
7 2 4650.8876 8684.4498 4.5000 6 0.423029 1 0 
1 1 25.6653 25.6653 0.0000 2 0.000000 1 0 
2 1 918.6685 1090.8897 0.5000 3 0.000000 0 0 
11 7 250.3621 293.2377 5.2071 6 2.930263 11 2 
65 33 371679.5851 672094.3428 51.7910 30 2.387248 24 5 
18 10 40402.8232 185892.0249 10.0064 10 1.750570 3 3 
1 1 237.1584 237.1584 0.0000 2 0.000000 0 0 
2 1 2425.6186 3426.7804 0.5000 3 0.615385 0 0 
2 3 3389.6784 3414.6600 0.5000 3 0.000000 1 2 
7 4 1718.5974 3299.6219 2.6524 6 0.516293 3 0 
4 9 405.2653 818.0637 1.4872 4 0.123255 0 0 
1 1 28.7819 28.7819 0.0000 2 0.000000 1 0 
5 8 2887.7044 4334.8307 3.6667 4 0.579659 1 0 
530 323 474018.7518 57448040.1500 398.2453 215 20.072399 110 25 
4 9 1564.6263 2996.1912 0.7635 5 0.288889 0 1 
8 10 8013.5973 29366.2479 2.8234 8 1.044369 3 1 
2 3 6591.8339 6884.5044 0.3333 3 0.010753 0 0 
19 21 16264.2428 57837.1345 6.9732 15 1.695892 4 2 
7 12 16247.4326 18710.9113 2.5036 6 0.200000 5 3 
5 1 186.6737 222.1112 2.0667 4 0.000000 5 0 
5 7 5679.7783 6880.5417 1.3607 5 0.540000 2 4 
4 6 1580.2758 1809.7600 1.2972 4 0.844032 0 0 
2 2 2703.8856 2709.5509 1.0000 3 0.000000 1 0 
5 2 25837.0385 39171.5869 1.9833 5 0.250000 0 2 
5 1 520.8375 1070.7870 2.9000 5 1.529020 1 0 
4 6 5268.6532 5777.5303 1.2972 4 0.067568 1 1 
6 3 3245.9387 6503.8277 2.2524 4 0.732572 2 0 
4 4 107.2635 174.0388 1.2857 4 0.844634 4 0 
4 1 3091.1576 4319.6511 6.0000 5 0.060722 3 0 
1 1 49.1774 49.1774 0.0000 2 0.000000 1 1 
57 22 2199.2053 6429.2556 48.2880 17 2.477447 52 15 
1 1 16370.3006 16370.3006 0.0000 2 0.000000 0 0 
2 3 1503.8841 2779.2240 1.5000 3 0.394850 0 0 
42 61 12903.9217 115869.9724 38.9862 33 0.863524 17 12 
5 10 9250.1729 13892.3843 1.0417 6 0.261628 1 2 
6 8 5345.9089 8129.3248 2.2167 5 0.602619 3 2 
2 1 53.4327 55.1406 0.5000 3 0.120000 2 0 
5 13 2171.9464 3619.1249 2.1937 6 0.223197 1 2 
2 3 59.8033 73.5537 1.5000 3 0.343158 2 0 
2 2 1519.7455 2034.7000 0.3333 3 0.000000 0 0 
4 1 3611.1241 7343.0323 1.7333 4 1.590909 0 0 
1 1 302.2311 302.2311 0.0000 2 0.000000 0 0 
15 3 150859.9553 265738.7462 17.5231 10 2.455739 11 1 
1 1 135.1493 135.1493 0.0000 2 0.000000 0 0 
5 4 13554.4211 22836.2147 1.2857 5 0.325472 0 1 
9 8 6279.0203 18361.8483 3.0873 7 0.092593 0 0 
9 11 1877.6312 6022.6126 3.4718 7 0.000000 5 0 
7 18 5374.2996 14484.0756 3.3251 8 0.093750 0 1 
141 121 41814.5950 305014.4406 114.4203 46 2.812598 84 64 
11 11 674.6920 794.3452 6.5746 6 0.678373 8 0 
1 1 2057.1941 2057.1941 0.0000 2 0.000000 0 0 
6 11 1822.8784 2353.4899 1.9084 5 0.243547 3 4 
3 3 1211.6151 1300.9881 0.6000 3 0.000000 0 0 
1 1 10.7053 10.7053 0.0000 2 0.107143 1 1 
9 5 174.7501 505.9312 3.2440 8 0.222222 9 0 
21 12 46316.0442 245173.9138 16.6584 18 1.308781 3 1 
1 1 890.5557 890.5557 0.0000 2 0.037500 0 0 
1 1 44.3199 44.3199 0.0000 2 0.000000 1 0 
7 6 9940.9666 11169.5088 2.0381 7 0.413279 4 0 
46 30 182753.3320 379644.3557 30.1435 17 1.758757 2 0 
7 4 4407.9092 13830.5817 2.0333 8 0.235294 1 1 
6 7 1211.3582 1727.4444 2.5206 5 1.287545 2 0 
3 4 638.1719 874.2843 0.6190 3 0.286674 0 0 
19 23 19600.8797 85267.4365 6.8673 13 1.710014 5 2 
25 29 96713.6080 415703.9852 11.2127 16 1.356253 13 3 
2 3 991.6342 1110.0535 0.3333 3 0.008333 0 0 
2 4 9847.3774 17001.0599 0.3333 3 0.000000 0 0 
4 7 27466.5609 43122.8163 0.8929 5 0.000000 0 0 
4 8 6371.2674 11391.5394 0.7845 4 0.000000 0 0 
3 2 1374.8302 3016.8692 3.0000 4 0.021505 0 0 
7 6 7061.6906 12495.9202 2.6207 6 0.615385 1 2 
9 5 15102.8323 29378.2474 11.3333 8 0.428571 2 0 
10 8 1348.6766 1786.7842 5.2399 6 0.969935 8 3 
1 1 1604.5984 1604.5984 0.0000 2 0.000000 0 0 
1 1 1511.6679 1511.6679 0.0000 2 1.000000 0 0 
7 13 15738.4981 38852.3079 1.8540 8 0.013333 2 3 
2 3 461.8952 624.4213 1.5000 3 0.312500 0 0 
13 18 23424.0162 114653.9335 3.5409 12 0.784073 1 0 
2 6 12829.7404 20213.8281 0.2500 3 0.000000 0 1 
4 2 353.6158 1012.0857 1.6667 4 0.669214 1 0 
29 13 26143.3912 115969.2222 21.4215 13 1.861578 4 0 
1 1 20.2589 20.2589 0.0000 2 0.212121 1 1 
18 8 5876.5205 18353.4151 10.1791 8 4.796634 5 0 
18 14 60078.5695 185594.5272 11.7220 14 0.095238 6 2 
2 3 1609.5058 1721.1941 0.3333 3 0.000000 0 1 
1 1 249.2330 249.2330 0.0000 2 0.000000 0 0 
6 7 871.8244 1302.7401 3.5000 4 0.759877 3 5 
13 12 9404.6925 10472.6793 7.9582 9 0.703793 11 7 
3 4 4134.8331 6282.8743 0.5333 4 0.000000 0 1 
7 4 40027.3753 47772.9633 2.8389 5 0.074468 0 0 
17 25 9186.6294 28758.0454 6.1956 14 2.793554 4 1 
1 1 568.8881 568.8881 0.0000 2 0.250000 0 0 
2 4 8.6281 13.9045 0.2500 3 0.272727 2 2 
3 2 1269.1992 2159.0516 0.7000 3 0.040000 0 1 
1 1 1146.3707 1146.3707 0.0000 2 0.000000 0 0 
1 1 156.7601 156.7601 0.0000 2 0.000000 0 0 
4 6 455.5258 946.1076 2.3524 4 0.507862 1 2 
5 8 33.6086 61.4402 2.6667 4 0.132092 5 7 
1 1 74.3733 74.3733 0.0000 2 0.000000 1 1 
2 2 45.3834 64.4666 0.5000 3 0.333333 2 1 
2 1 180.6731 360.2777 0.5000 3 0.000000 1 0 
2 3 81.5637 133.7379 1.5000 3 0.333333 2 1 
1 1 1083.4364 1083.4364 0.0000 2 0.000000 0 0 
2 4 1404.2162 1407.4094 0.3333 3 0.021819 1 0 
2 4 3549.3405 5688.6978 0.2500 3 0.000000 0 0 
1 1 20.3579 20.3579 0.0000 2 0.086420 1 0 
9 11 7643.1859 18717.0735 8.6833 8 0.541667 0 1 
7 4 91.4165 149.6672 2.5702 5 0.000000 7 0 
1 1 238.2777 238.2777 0.0000 2 0.043478 0 0 
32 6 15865.3928 48165.3978 20.8273 13 2.175006 4 0 
7 4 744.2514 1604.4261 2.7813 5 0.844648 1 0 
1 1 584.4255 584.4255 0.0000 2 0.000000 0 0 
1 1 771.0909 771.0909 0.0000 2 0.352941 0 0 
1 1 35.2149 35.2149 0.0000 2 0.000000 1 0 
1 1 520.1881 520.1881 0.0000 2 0.000000 0 0 
2 2 1951.2586 2534.0944 0.5000 3 0.000000 0 0 
5 6 3444.6706 5355.9046 3.2167 5 0.400000 0 0 
16 3 82733.5724 127448.4571 21.0000 12 2.929437 0 0 
6 4 6878.0054 10027.7053 3.9333 5 1.522727 0 0 
5 8 13217.9330 19439.5644 1.2190 6 0.348684 1 3 
7 12 17350.1305 35444.3930 1.3552 7 0.466666 1 0 
1 1 2668.1719 2668.1719 0.0000 2 0.000000 0 1 
3 3 41937.1431 57591.0508 2.0000 4 0.142857 0 0 
56 32 18210.0493 86396.2341 35.4348 23 2.918984 19 3 
7 6 1742.9679 3220.9197 2.4357 6 0.710125 1 0 
5 10 18912.5594 37841.3599 2.0913 4 0.000000 1 0 
4 1 6926.2769 7334.6441 4.5000 5 0.259524 0 0 
6 9 43918.7032 44586.0502 2.1622 5 0.078893 2 0 
7 12 7940.9541 31811.2746 2.2397 8 0.000000 0 0 
3 4 775.7197 1311.7965 1.3667 4 0.478758 2 0 
29 34 147613.7682 490879.6276 10.9384 23 2.814101 9 7 
2 2 165.2858 165.8303 0.7500 3 0.000000 0 0 
18 20 3048.8850 10065.0447 10.5242 14 3.600000 14 3 
534 330 518629.5244 44917116.8819 933.6735 202 7.070827 25 13 
6 6 15572.9289 16960.8616 2.6889 5 0.214646 0 0 
5 7 8730.7321 22521.8280 2.2595 6 0.000000 0 0 
3 2 931.5032 935.0042 0.7333 3 0.038462 1 1 
9 8 28575.5896 77515.6405 7.1004 9 0.426415 1 2 
4 10 988.6171 1507.7596 0.8984 4 0.506222 3 5 
20 13 67911.5866 213053.8461 11.9336 10 1.825550 1 0 
20 28 6515.1876 15640.4656 9.3073 11 0.329545 13 5 
3 8 219.3299 300.5361 0.6429 3 0.195556 1 1 
16 7 111773.8335 201668.1577 38.2418 14 4.623309 0 0 
2 3 170.5557 214.4876 0.7000 3 0.000000 2 0 
1 1 179.9728 179.9728 0.0000 2 1.000000 0 0 
17 37 59394.0881 200789.4308 7.6268 17 1.024387 8 10 
12 9 2112.1486 10937.8227 6.6550 10 2.337030 5 1 
2 4 1217.9824 1392.9489 1.0000 3 0.000000 0 0 
5 1 322.1534 480.4839 2.3000 4 1.462143 2 0 
6 2 17168.2549 34030.4893 6.5000 7 0.015228 0 0 
4 3 2801.0387 4230.1099 1.9667 4 1.000000 3 0 
28 42 90282.1940 568820.2242 12.7150 26 0.885848 1 5 
24 30 90174.0211 479486.0822 14.3310 20 0.014925 2 1 
2 2 428.0094 764.5611 1.0000 3 0.044444 0 0 
1 1 419.1253 419.1253 0.0000 2 0.000000 0 0 
13 8 14441.6641 27710.3656 5.9530 8 0.112981 1 1 
1 1 34.7021 34.7021 0.0000 2 0.000000 1 1 
3 1 1135.8829 2172.0417 0.8333 3 0.015625 1 0 
4 10 508.1680 809.1626 2.6167 5 0.108929 3 2 
4 6 7827.8781 11846.1186 0.8845 4 0.000000 0 0 
1 1 2.5625 2.5625 0.0000 2 0.000000 1 0 
1 1 8.1853 8.1853 0.0000 2 0.000000 1 0 
6 9 15095.9534 30838.7844 3.2198 5 0.097561 1 0 
4 7 2398.6014 6705.9312 1.0107 4 0.091463 1 1 
4 1 2938.2903 6470.0894 2.2500 5 0.000000 0 0 
14 14 52011.7957 112103.8027 20.3816 11 0.337399 1 2 
4 6 1324.6845 1468.6346 1.6714 4 0.038262 3 4 
3 1 1147.1314 2008.3596 0.8333 3 0.000000 0 0 
1 5 364.8387 364.8387 0.0000 2 0.166667 0 0 
1 1 14.5548 14.5548 0.0000 2 0.000000 1 0 
10 6 515.7766 1771.1622 6.2857 5 0.467057 6 0 
10 5 38747.8455 57697.5669 4.4846 8 0.115228 1 1 
5 5 51.3318 62.9515 2.9667 4 0.746503 5 4 
24 24 13130.0809 73821.1666 10.3655 16 1.400849 2 1 
22 22 29289.0500 120617.8828 7.7601 14 0.546758 1 1 
3 3 501.1142 730.5518 1.5000 3 0.879819 0 0 
1 1 303.2701 303.2701 0.0000 2 0.000000 0 0 
2 2 1248.6877 2460.4476 0.5000 3 0.300000 1 1 
11 7 1139.8948 1547.8800 5.8782 8 0.553365 10 2 
1 1 3481.3964 3481.3964 0.0000 2 0.000000 0 0 
1 1 7.3931 7.3931 0.0000 2 0.000000 1 0 
21 12 44695.0644 147474.1154 9.2527 15 1.962830 1 2 
1 1 1001.0460 1001.0460 0.0000 2 0.000000 0 0 
1 1 2537.2778 2537.2778 0.0000 2 0.000000 0 0 
1 1 1.6511 1.6511 0.0000 2 0.500000 1 0 
3 1 575.6979 1106.8635 0.8333 3 0.048304 1 0 
1 1 7763.5769 7763.5769 0.0000 2 0.000000 0 0 
1 1 1556.5962 1556.5962 0.0000 2 0.000000 0 0 
1 1 60.8886 60.8886 0.0000 2 0.277778 1 0 
2 5 524.7362 828.0640 0.4000 3 0.003247 0 0 
2 2 2218.5006 2439.3799 1.0000 3 0.000000 0 0 
2 2 562.7030 1099.3232 0.5000 3 1.000000 0 0 
7 15 4781.1026 14812.6760 1.8413 7 0.159811 0 4 
1 1 3.5874 3.5874 0.0000 2 0.222222 1 0 
5 5 21894.8525 24654.9560 1.3679 4 0.225806 0 1 
5 10 3974.4746 4570.7426 1.6187 6 0.090909 3 6 
2 3 1002.5639 1697.4175 0.5000 3 0.176471 0 0 
1 1 118.9714 118.9714 0.0000 2 0.300000 0 0 
6 10 8315.2208 24813.0018 4.5111 7 0.000000 1 0 
8 6 176.3439 360.4027 3.8540 6 2.210904 8 0 
3 1 2230.1738 3205.9450 0.8333 3 0.111111 0 0 
2 3 3526.8428 4023.4731 1.0000 3 0.000000 0 0 
23 29 8982.6352 52996.3648 12.9445 16 2.447292 7 5 
6 12 982.2447 2199.5979 1.5286 4 0.125000 1 3 
3 3 350.1508 626.8436 0.6167 3 0.236335 1 1 
7 1 1203.7178 1676.3832 3.3500 5 0.251634 4 1 
8 7 22616.5361 38087.4253 5.6079 7 0.347826 0 0 
1 1 480.5997 480.5997 0.0000 2 0.000000 0 1 
3 1 1096.4037 1973.6426 0.8333 3 0.019608 0 0 
1 1 96.8475 96.8475 0.0000 2 0.000000 0 0 
13 15 8359.1680 41096.3207 7.8326 13 0.000000 0 0 
1 1 28.5457 28.5457 0.0000 2 0.389831 1 1 
41 59 53496.5932 258008.9768 24.4070 25 0.854520 6 15 
1 1 3726.0943 3726.0943 0.0000 2 0.000000 0 0 
2 3 1047.8102 1338.9898 1.0000 3 0.000000 0 0 
10 3 21175.6830 44685.0186 7.2000 7 0.000000 1 0 
1 1 52.3742 52.3742 0.0000 2 0.000000 1 1 
1 1 1033.1918 1033.1918 0.0000 2 0.338028 0 0 
3 5 1213.1124 2236.0845 1.4000 4 0.000000 1 0 
29 5 1279.3470 3815.4850 19.0283 13 0.928626 25 0 
98 68 215285.3081 1336324.3476 71.1718 34 1.787409 10 8 
5 14 42259.0706 94852.3463 2.2000 5 0.031915 1 2 
61 10 39728.1920 99646.4484 39.7624 16 0.623417 19 2 
3 4 639.4729 678.5652 2.3667 4 0.222222 2 0 
2 3 20392.3969 23287.2663 0.2500 3 0.000000 0 0 
3 4 473.3040 475.6385 1.3000 3 1.047619 1 0 
4 5 98.8533 185.3306 2.6667 4 0.320513 4 5 
14 3 5968.1281 8449.2691 7.7940 6 0.883820 1 0 
8 5 2093.5006 11876.6596 4.3333 7 0.000000 6 3 
2 1 2132.7605 3717.1839 1.0000 3 0.229624 0 0 
3 1 1003.5681 1706.0721 0.8333 3 0.278571 0 0 
1 1 225.5268 225.5268 0.0000 2 0.300000 0 0 
3 1 157.3358 254.2293 0.8333 3 2.538462 1 0 
1 1 4.5093 4.5093 0.0000 2 0.148148 1 0 
3 3 355.9068 397.4667 0.6667 3 0.181070 1 0 
6 5 5741.4479 5898.6863 2.5262 5 0.000000 5 0 
2 1 3956.7640 4077.3729 1.0000 3 0.000000 0 0 
3 1 5852.1582 8779.3532 3.0000 4 0.000000 2 0 
3 2 5112.6444 7744.1620 2.0000 4 0.285443 0 0 
4 2 2505.6185 3798.1931 1.3667 4 0.195489 0 0 
1 1 2114.5702 2114.5702 0.0000 2 0.000000 0 0 
7 3 10248.3573 21092.7329 2.1762 6 1.588972 2 0 
1 1 1993.4140 1993.4140 0.0000 2 0.000000 0 0 
1 1 2672.8087 2672.8087 0.0000 2 0.000000 0 0 
3 4 23175.4404 39172.0047 3.0000 4 0.006667 0 0 
2 3 6331.3035 6529.7402 0.5333 3 0.285714 0 0 
4 5 4657.5593 6032.2180 1.6667 4 0.000000 0 1 
3 3 1432.4147 1975.6536 0.7500 4 1.714076 0 0 
2 1 3038.3549 4819.6656 1.0000 3 0.000000 0 0 
2 2 3129.1694 3916.3187 0.5000 3 0.000000 0 0 
4 11 8363.3352 20075.2879 0.3929 5 0.000000 1 0 
86 37 62118.4789 218774.3389 92.3640 27 3.109996 60 23 
4 3 1517.6998 3560.1400 1.9667 4 1.500000 0 0 
5 2 11543.7482 19620.3989 3.6190 5 0.143773 0 0 
3 1 1479.6322 2218.4855 3.0000 4 0.000000 1 0 
5 5 1469.3562 3568.2919 2.0429 4 0.076923 0 0 
2 1 1322.6336 1684.4858 1.0000 3 0.428571 0 0 
3 2 163.8363 207.6865 0.7333 3 0.479839 2 0 
2 3 19205.3731 19210.9557 1.5000 3 0.000000 1 0 
10 14 10662.7596 35057.5723 3.7063 9 0.677805 1 0 
55 3 14755.7075 34035.5130 40.5726 12 5.030307 41 0 
2 3 329.2741 386.7380 1.5000 3 0.142857 0 2 
6 12 5115.3386 12479.4587 9.5833 7 2.471713 0 1 
2 2 3382.2394 3389.0873 0.3333 3 0.000000 1 1 
3 6 8467.2220 14875.3108 0.4000 4 0.000000 1 1 
2 5 118.0636 229.9103 1.0000 3 0.000000 0 1 
1 1 11.7875 11.7875 0.0000 2 0.000000 1 0 
13 18 14676.5150 16933.8209 5.0491 7 1.425563 5 4 
3 1 108.3139 127.7567 0.8333 3 0.399395 3 0 
3 2 8966.1658 11539.3453 1.1667 4 0.000000 0 0 
1 1 271.8502 271.8502 0.0000 2 1.000000 0 0 
1 1 4.9901 4.9901 0.0000 2 0.000000 1 0 
4 7 661.3593 1378.8937 2.6111 5 0.000000 2 2 
7 8 23261.2133 55223.8072 3.9722 6 0.000000 0 0 
1 1 6239.7826 6239.7826 0.0000 2 0.000000 0 0 
6 1 1556.2614 2367.9874 2.4167 6 2.541314 3 0 
1 1 10.2470 10.2470 0.0000 2 0.000000 1 1 
3 4 26370.6440 31405.0279 0.5333 4 0.166485 1 0 
4 6 29519.2854 38073.0036 1.1667 5 0.237179 0 0 
3 2 5957.8305 11914.3773 0.7333 3 1.000000 1 0 
14 15 39690.6664 92593.0663 5.8710 12 1.393001 4 1 
176 88 236346.9675 4798345.5980 98.5722 87 3.564445 135 17 
1 1 819.0446 819.0446 0.0000 2 0.000000 0 1 
2 2 590.5575 695.7124 0.7500 3 0.250000 0 0 
6 7 174.0323 190.2042 3.0238 4 0.084746 6 4 
1 1 45.8046 45.8046 0.0000 2 0.000000 1 1 
5 3 1421.6733 2139.7453 1.6595 4 1.500000 1 0 
1 1 3067.1038 3067.1038 0.0000 2 0.285714 0 0 
36 20 31165.4936 123768.2934 49.5316 32 0.666212 8 2 
1 1 1620.9212 1620.9212 0.0000 2 0.250000 0 0 
1 1 62.1128 62.1128 0.0000 2 0.040000 1 0 
20 10 16640.8877 26631.8617 15.5813 9 0.325000 14 8 
8 8 7911.4416 30458.1009 2.1333 8 0.025352 1 1 
5 4 14522.7365 50496.1399 1.3333 5 0.777972 0 0 
1 1 769.4886 769.4886 0.0000 2 0.444444 0 0 
3 1 1707.5996 2846.8479 0.8333 3 0.670023 0 0 
11 8 6659.6950 36573.3770 5.4750 9 1.090136 2 1 
3 2 3.2562 3.8153 0.7333 3 0.000000 3 0 
3 2 1687.4717 2532.8816 2.0000 4 0.000000 2 1 
1 1 146.2385 146.2385 0.0000 2 0.148148 0 0 
2 3 207.3341 226.0047 1.5000 3 0.833333 1 2 
1 1 243.1951 243.1951 0.0000 2 0.000000 0 0 
1 1 512.2564 512.2564 0.0000 2 0.000000 0 0 
6 4 1472.2027 2672.7891 3.2778 5 0.452991 2 0 
4 8 4796.9034 7318.2772 1.5071 4 0.066667 1 1 
3 1 24.1637 38.6148 0.8333 3 0.000000 3 0 
1 1 2090.6783 2090.6783 0.0000 2 0.333333 0 0 
11 19 951.9128 3209.0284 3.8870 8 0.755663 7 9 
55 5 69133.9679 171154.4144 34.2194 19 0.474636 36 2 
6 10 583.3552 1166.6585 1.9104 5 2.000000 5 6 
1 1 50.2056 50.2056 0.0000 2 0.166667 1 1 
7 1 10097.8876 42126.4544 5.0333 7 0.278947 0 0 
1 1 26.2461 26.2461 0.0000 2 0.000000 1 0 
13 9 6720.8324 16883.2146 5.5538 8 0.103882 2 0 
3 3 3066.4807 4816.3491 0.6000 3 0.000000 0 0 
2 1 275.8208 298.8884 0.5000 3 0.000000 1 0 
2 2 26889.0288 39718.3157 0.7500 3 1.000000 0 0 
2 1 152.1671 175.8978 0.5000 3 0.000000 2 1 
9 7 4963.5161 9121.9905 5.2667 6 2.717948 1 0 
5 10 10677.0121 11959.2228 1.1187 5 0.571429 0 0 
3 3 9416.0651 9463.8984 0.5833 4 0.000000 1 1 
1 1 849.4937 849.4937 0.0000 2 0.020000 0 0 
1 1 1219.2070 1219.2070 0.0000 2 0.000000 0 0 
3 1 70.4719 116.6542 0.8333 3 0.142857 3 0 
6 4 664.2788 2078.7561 2.7694 5 0.413146 0 1 
2 3 2667.2239 4742.7372 0.5833 3 0.000000 0 0 
10 12 149.9994 231.9493 6.5079 5 2.168565 10 6 
9 1 1907.6357 2641.0620 5.1952 6 0.433699 3 0 
8 4 13524.1830 29865.0469 2.9643 6 0.000000 1 0 
2 3 678.0572 942.7726 0.3333 3 0.000000 0 0 
8 8 54987.8153 89116.8916 5.3385 6 0.460910 1 0 
4 6 25218.2379 36686.4971 1.6667 5 0.000000 1 1 
7 5 67551.0603 154428.5886 2.4024 7 0.000000 1 0 
2 1 119.9144 121.6124 1.0000 3 0.200000 2 0 
6 4 559.5036 1043.0051 3.6000 4 0.448907 1 0 
1 1 23.3405 23.3405 0.0000 2 0.000000 1 1 
6 5 957.6191 1323.1093 2.1857 4 1.081230 1 2 
2 4 18.0873 33.1667 1.1167 3 0.090909 2 4 
1 1 545.0025 545.0025 0.0000 2 0.320000 0 0 
1 1 89.7508 89.7508 0.0000 2 0.016667 0 0 
15 22 6905.3101 21261.5221 11.3242 9 0.000000 1 2 
1 1 568.3420 568.3420 0.0000 2 0.000000 0 0 
2 3 15.2100 23.7053 0.3333 3 0.000000 2 0 
3 3 4190.6224 4501.9593 0.6000 3 0.183673 0 0 
1 1 5.2876 5.2876 0.0000 2 0.000000 1 0 
11 7 87579.7700 165084.3246 19.6500 10 0.000000 3 2 
1 1 17.2601 17.2601 0.0000 2 0.000000 1 0 
6 3 419.9209 594.1352 2.2524 4 0.250000 2 0 
3 3 2827.3601 5256.9797 0.7000 4 0.183908 0 0 
17 30 134104.1005 484724.7084 11.0562 14 1.480903 5 7 
2 2 580.5637 977.3788 1.0000 3 0.000000 0 0 
5 4 26880.6877 53845.4584 3.1528 5 0.581081 2 0 
26 32 66720.5802 332956.5978 9.6958 22 2.315668 8 1 
1 1 0.0000 0.0000 0.0000 2 0.000000 1 0 
3 4 3148.9800 3455.1380 2.3667 4 0.216475 1 2 
6 1 152.9606 399.1347 2.7000 4 0.369454 3 0 
1 1 143.2196 143.2196 0.0000 2 0.000000 0 0 
3 3 559.2905 780.7574 0.9000 3 0.108197 0 0 
5 3 134.7783 301.1078 3.3333 5 1.842857 5 0 
6 6 11721.1612 26586.3138 3.0429 7 0.000000 0 0 
3 2 1334.4488 2400.7684 0.7000 3 0.009434 0 1 
13 4 16986.5528 58066.9475 7.6354 9 0.866759 1 1 
3 2 770.5847 790.5672 0.7000 3 0.000000 1 0 
1 1 650.4354 650.4354 0.0000 2 0.000000 0 1 
4 2 4750.1186 6002.2143 1.4000 4 0.453488 1 0 
6 3 53.8805 77.5253 2.2524 4 0.878084 6 1 
3 1 2.9931 3.6900 0.8333 3 0.333333 3 0 
1 1 10.5102 10.5102 0.0000 2 0.631579 1 0 
10 8 26213.1090 39177.2832 6.5890 9 1.032289 0 1 
1 1 73.1745 73.1745 0.0000 2 0.000000 1 0 
2 5 5431.8830 6836.4142 0.1667 3 0.000000 0 1 
8 9 11434.1687 17222.0622 4.5905 6 0.020408 0 0 
7 2 27218.8589 36688.9581 3.2500 5 0.000000 1 0 
3 1 807.3943 1220.4655 2.0000 4 0.000000 0 1 
2 3 87.2624 102.3276 1.5000 3 0.027778 2 3 
7 2 2215.9427 7076.2993 3.6429 7 0.407604 2 0 
7 6 9818.8836 13614.5778 2.4853 5 0.437989 0 2 
3 3 701.2046 805.3890 1.5000 3 1.166667 0 0 
2 1 59.6108 84.7602 1.0000 3 0.033333 2 0 
3 5 662.1681 696.3134 1.1333 3 0.303203 1 0 
1 1 39.2645 39.2645 0.0000 2 0.037975 1 0 
6 8 3530.5778 5917.3779 2.0123 6 0.054054 2 0 
1 1 1248.2002 1248.2002 0.0000 2 0.190476 0 0 
2 3 2279.9700 2312.2259 0.3333 3 0.666667 1 0 
2 3 7448.4132 7534.1795 1.5000 3 0.015152 0 1 
10 2 1975.7887 4957.6728 4.9595 7 0.787577 2 0 
3 1 3740.9481 5472.6931 3.0000 4 0.000000 0 0 
2 5 18067.9901 34274.5429 0.2000 3 0.000000 0 0 
25 15 10872.8571 23577.7489 12.3716 13 1.249506 12 7 
18 19 31640.6667 103756.6896 6.1675 12 0.990563 4 6 
1 1 47.0141 47.0141 0.0000 2 0.169492 1 0 
4 2 3974.5037 5182.9284 1.6833 4 1.000000 0 0 
6 4 486.0189 893.0596 3.6000 4 0.481623 1 1 
3 5 30224.0867 37090.4268 0.6500 4 0.200000 0 0 
1 1 6.8747 6.8747 0.0000 2 0.000000 1 0 
4 12 8430.6093 18323.8929 0.5278 5 0.000000 0 0 
98 69 89346.6554 1371941.4124 66.6761 61 5.005235 26 20 
2 3 1590.4394 1724.6074 0.3333 3 0.000000 0 0 
4 8 3961.4115 6358.8475 0.8690 4 0.538700 0 2 
2 3 4057.4156 7645.8723 0.5000 3 0.000000 0 0 
2 3 1585.9775 2283.8584 0.3333 3 0.058824 0 0 
12 20 23383.3618 115520.7013 5.8468 13 0.074728 1 3 
2 4 5254.6618 5541.6248 0.5333 3 0.000000 0 0 
1 1 1391.1893 1391.1893 0.0000 2 0.000000 0 0 
5 3 513.3230 816.6063 2.0714 4 0.000000 1 0 
1 1 21.2001 21.2001 0.0000 2 0.000000 1 1 
3 1 41.0541 45.3046 0.8333 3 0.444444 3 1 
1 1 6.0911 6.0911 0.0000 2 1.000000 1 0 
2 3 1483.6608 2751.3024 1.5000 3 0.000000 0 1 
5 3 2736.0991 3273.1732 3.2500 5 0.121212 1 0 
7 1 0.4305 1.4257 18.0000 8 6.000000 7 0 
1 1 4.9599 4.9599 0.0000 2 0.000000 1 0 
